5342.000000 5.63258e-05
5343.000000 6.06346e-05
5344.000000 6.49433e-05
5345.000000 6.92519e-05
5346.000000 7.35604e-05
5347.000000 7.78687e-05
5348.000000 8.21769e-05
5349.000000 8.6485e-05
5350.000000 9.07929e-05
5351.000000 9.51007e-05
5351.487793 9.72019e-05
5352.000000 0.000100291
5353.000000 0.000106322
5354.000000 0.000112352
5355.000000 0.000118383
5356.000000 0.000124413
5357.000000 0.000130443
5358.000000 0.000136473
5359.000000 0.000142503
5360.000000 0.000148532
5361.000000 0.000154561
5361.490723 0.00015752
5362.000000 0.000162376
5363.000000 0.000171911
5364.000000 0.000181446
5365.000000 0.000190981
5366.000000 0.000200515
5367.000000 0.000210049
5368.000000 0.000219583
5369.000000 0.000229116
5370.000000 0.000238649
5371.000000 0.000248182
5371.493164 0.000252883
5372.000000 0.000262125
5373.000000 0.000280361
5374.000000 0.000298596
5375.000000 0.00031683
5376.000000 0.000335064
5377.000000 0.000353297
5378.000000 0.000371529
5379.000000 0.000389761
5380.000000 0.000407992
5381.000000 0.000426223
5381.496094 0.000435267
5382.000000 0.00045065
5383.000000 0.000481178
5384.000000 0.000511704
5385.000000 0.00054223
5386.000000 0.000572754
5387.000000 0.000603278
5388.000000 0.0006338
5389.000000 0.000664322
5390.000000 0.000694842
5391.000000 0.000725362
5391.498535 0.000740576
5392.000000 0.000767659
5393.000000 0.000821665
5394.000000 0.000875669
5395.000000 0.000929672
5396.000000 0.000983672
5397.000000 0.00103767
5398.000000 0.00109167
5399.000000 0.00114566
5400.000000 0.00119966
5401.000000 0.00125365
5401.501465 0.00128072
5402.000000 0.00133001
5403.000000 0.00142886
5404.000000 0.00152772
5405.000000 0.00162657
5406.000000 0.00172541
5407.000000 0.00182426
5408.000000 0.0019231
5409.000000 0.00202194
5410.000000 0.00212077
5411.000000 0.0022196
5411.503906 0.0022694
5412.000000 0.00235716
5413.000000 0.00253405
5414.000000 0.00271094
5415.000000 0.00288782
5416.000000 0.00306469
5417.000000 0.00324156
5418.000000 0.00341842
5419.000000 0.00359528
5420.000000 0.00377213
5421.000000 0.00394898
5421.506836 0.0040386
5422.000000 0.00419458
5423.000000 0.00451083
5424.000000 0.00482708
5425.000000 0.00514332
5426.000000 0.00545955
5427.000000 0.00577576
5428.000000 0.00609197
5429.000000 0.00640816
5430.000000 0.00672434
5431.000000 0.0070405
5431.509277 0.00720151
5432.000000 0.00748888
5433.000000 0.00807446
5434.000000 0.00866002
5435.000000 0.00924556
5436.000000 0.00983107
5437.000000 0.0104166
5438.000000 0.011002
5439.000000 0.0115875
5440.000000 0.0121729
5441.000000 0.0127583
5441.512207 0.0130582
5442.000000 0.0135789
5443.000000 0.0146463
5444.000000 0.0157137
5445.000000 0.016781
5446.000000 0.0178483
5447.000000 0.0189156
5448.000000 0.0199829
5449.000000 0.02105
5450.000000 0.0221172
5451.000000 0.0231843
5451.514648 0.0237334
5452.000000 0.0246294
5453.000000 0.0264754
5454.000000 0.0283212
5455.000000 0.030167
5456.000000 0.0320128
5457.000000 0.0338584
5458.000000 0.035704
5459.000000 0.0375495
5460.000000 0.0393916
5461.000000 0.0412368
5461.517578 0.0421918
5462.000000 0.0435829
5463.000000 0.0464665
5464.000000 0.0493499
5465.000000 0.0522333
5466.000000 0.0551165
5467.000000 0.0579996
5468.000000 0.0608825
5469.000000 0.0637654
5470.000000 0.0666481
5471.000000 0.0695307
5471.520020 0.0710296
5472.000000 0.0729567
5473.000000 0.0769715
5474.000000 0.0809862
5475.000000 0.0850006
5476.000000 0.089015
5477.000000 0.0930291
5478.000000 0.0970431
5479.000000 0.101057
5480.000000 0.10507
5481.000000 0.109084
5481.522461 0.111181
5482.000000 0.113394
5483.000000 0.118028
5484.000000 0.122662
5485.000000 0.127295
5486.000000 0.131929
5487.000000 0.136562
5488.000000 0.141195
5489.000000 0.145828
5490.000000 0.150461
5491.000000 0.155093
5491.525391 0.157527
5492.000000 0.159488
5493.000000 0.16362
5494.000000 0.167751
5495.000000 0.171882
5496.000000 0.176013
5497.000000 0.180144
5498.000000 0.184274
5499.000000 0.188405
5500.000000 0.192535
5501.000000 0.196666
5501.527832 0.198846
5502.000000 0.200253
5503.000000 0.203234
5504.000000 0.206214
5505.000000 0.209194
5506.000000 0.212173
5507.000000 0.215153
5508.000000 0.218133
5509.000000 0.221112
5510.000000 0.224092
5511.000000 0.227071
5511.530762 0.228652
5512.000000 0.229499
5513.000000 0.231304
5514.000000 0.233109
5515.000000 0.234913
5516.000000 0.236718
5517.000000 0.238522
5518.000000 0.240326
5519.000000 0.242131
5520.000000 0.243935
5521.000000 0.245739
5521.533203 0.24669
5522.000000 0.247124
5523.000000 0.248075
5524.000000 0.249025
5525.000000 0.249976
5526.000000 0.250927
5527.000000 0.251878
5528.000000 0.252828
5529.000000 0.253779
5530.000000 0.254729
5531.000000 0.25568
5531.536133 0.256189
5532.000000 0.256396
5533.000000 0.25684
5534.000000 0.257285
5535.000000 0.25773
5536.000000 0.258175
5537.000000 0.25862
5538.000000 0.259064
5539.000000 0.259509
5540.000000 0.259954
5541.000000 0.260398
5541.538574 0.260638
5542.000000 0.260788
5543.000000 0.261113
5544.000000 0.261439
5545.000000 0.261764
5546.000000 0.26209
5547.000000 0.262415
5548.000000 0.26274
5549.000000 0.263066
5550.000000 0.263391
5551.000000 0.263716
5551.541504 0.263893
5552.000000 0.26406
5553.000000 0.264424
5554.000000 0.264789
5555.000000 0.265154
5556.000000 0.265518
5557.000000 0.265883
5558.000000 0.266247
5559.000000 0.266612
5560.000000 0.266977
5561.000000 0.267341
5561.543945 0.267539
5562.000000 0.267685
5563.000000 0.267983
5564.000000 0.268304
5565.000000 0.268625
5566.000000 0.268946
5567.000000 0.269266
5568.000000 0.269587
5569.000000 0.269908
5570.000000 0.270228
5571.000000 0.270549
5571.546875 0.270724
5572.000000 0.270874
5573.000000 0.271203
5574.000000 0.271533
5575.000000 0.271863
5576.000000 0.272192
5577.000000 0.272522
5578.000000 0.272852
5579.000000 0.273181
5580.000000 0.273511
5581.000000 0.27384
5581.549316 0.274021
5582.000000 0.274128
5583.000000 0.274365
5584.000000 0.274602
5585.000000 0.274839
5586.000000 0.275076
5587.000000 0.275313
5588.000000 0.27555
5589.000000 0.275787
5590.000000 0.276024
5591.000000 0.276261
5591.552246 0.276392
5592.000000 0.276473
5593.000000 0.276654
5594.000000 0.276835
5595.000000 0.276993
5596.000000 0.277174
5597.000000 0.277356
5598.000000 0.277537
5599.000000 0.277718
5600.000000 0.277899
5601.000000 0.27808
5601.554688 0.278181
5602.000000 0.278203
5603.000000 0.278254
5604.000000 0.278305
5605.000000 0.278356
5606.000000 0.278407
5607.000000 0.278458
5608.000000 0.278509
5609.000000 0.27856
5610.000000 0.278611
5611.000000 0.278662
5611.557617 0.27869
5612.000000 0.278644
5613.000000 0.278541
5614.000000 0.278437
5615.000000 0.278333
5616.000000 0.278229
5617.000000 0.278126
5618.000000 0.278022
5619.000000 0.277918
5620.000000 0.277814
5621.000000 0.27771
5621.560059 0.277652
5622.000000 0.277584
5623.000000 0.277406
5624.000000 0.277251
5625.000000 0.277096
5626.000000 0.276941
5627.000000 0.276786
5628.000000 0.276631
5629.000000 0.276477
5630.000000 0.276322
5631.000000 0.27616
5631.562988 0.276068
5632.000000 0.275947
5633.000000 0.275671
5634.000000 0.275394
5635.000000 0.275118
5636.000000 0.274841
5637.000000 0.274565
5638.000000 0.274288
5639.000000 0.274012
5640.000000 0.273735
5641.000000 0.273459
5641.565430 0.273302
5642.000000 0.273156
5643.000000 0.272818
5644.000000 0.272481
5645.000000 0.272144
5646.000000 0.271806
5647.000000 0.271469
5648.000000 0.271109
5649.000000 0.270772
5650.000000 0.270435
5651.000000 0.270098
5651.567871 0.269906
5652.000000 0.269732
5653.000000 0.269328
5654.000000 0.268925
5655.000000 0.268521
5656.000000 0.268117
5657.000000 0.267714
5658.000000 0.267311
5659.000000 0.266907
5660.000000 0.266504
5661.000000 0.2661
5661.570801 0.26587
5662.000000 0.265747
5663.000000 0.265461
5664.000000 0.265175
5665.000000 0.264889
5666.000000 0.264602
5667.000000 0.264316
5668.000000 0.26403
5669.000000 0.263744
5670.000000 0.263458
5671.000000 0.26315
5671.573730 0.262985
5672.000000 0.262903
5673.000000 0.262708
5674.000000 0.262514
5675.000000 0.262319
5676.000000 0.262125
5677.000000 0.261931
5678.000000 0.261736
5679.000000 0.261542
5680.000000 0.261348
5681.000000 0.261153
5681.576172 0.261041
5682.000000 0.260981
5683.000000 0.260837
5684.000000 0.260693
5685.000000 0.26055
5686.000000 0.260406
5687.000000 0.260262
5688.000000 0.260119
5689.000000 0.259975
5690.000000 0.259831
5691.000000 0.259688
5691.578613 0.259592
5692.000000 0.259538
5693.000000 0.259432
5694.000000 0.259326
5695.000000 0.25922
5696.000000 0.259114
5697.000000 0.259008
5698.000000 0.258902
5699.000000 0.258796
5700.000000 0.25869
5701.000000 0.258584
5701.581543 0.258523
5702.000000 0.258537
5703.000000 0.258572
5704.000000 0.258608
5705.000000 0.258643
5706.000000 0.258678
5707.000000 0.258713
5708.000000 0.258748
5709.000000 0.258783
5710.000000 0.258818
5711.000000 0.258831
5711.583984 0.258852
5712.000000 0.258935
5713.000000 0.259134
5714.000000 0.259333
5715.000000 0.259532
5716.000000 0.259731
5717.000000 0.25993
5718.000000 0.260129
5719.000000 0.260328
5720.000000 0.260527
5721.000000 0.260726
5721.586914 0.260842
5722.000000 0.260971
5723.000000 0.261281
5724.000000 0.261591
5725.000000 0.261902
5726.000000 0.262212
5727.000000 0.262522
5728.000000 0.262832
5729.000000 0.26312
5730.000000 0.26343
5731.000000 0.26374
5731.589355 0.263923
5732.000000 0.264045
5733.000000 0.264344
5734.000000 0.264642
5735.000000 0.26494
5736.000000 0.265238
5737.000000 0.265536
5738.000000 0.265834
5739.000000 0.266132
5740.000000 0.26643
5741.000000 0.266728
5741.592285 0.266904
5742.000000 0.267025
5743.000000 0.267321
5744.000000 0.267617
5745.000000 0.267913
5746.000000 0.268209
5747.000000 0.268482
5748.000000 0.268778
5749.000000 0.269074
5750.000000 0.26937
5751.000000 0.269666
5751.594727 0.269842
5752.000000 0.269997
5753.000000 0.270379
5754.000000 0.27076
5755.000000 0.271142
5756.000000 0.271524
5757.000000 0.271905
5758.000000 0.272287
5759.000000 0.272668
5760.000000 0.27305
5761.000000 0.273431
5761.597656 0.273659
5762.000000 0.273786
5763.000000 0.274077
5764.000000 0.274392
5765.000000 0.274707
5766.000000 0.275021
5767.000000 0.275336
5768.000000 0.275651
5769.000000 0.275965
5770.000000 0.27628
5771.000000 0.276594
5771.600098 0.276783
5772.000000 0.276861
5773.000000 0.277057
5774.000000 0.277252
5775.000000 0.277448
5776.000000 0.277643
5777.000000 0.277838
5778.000000 0.278034
5779.000000 0.278205
5780.000000 0.278401
5781.000000 0.278596
5781.603027 0.278713
5782.000000 0.278744
5783.000000 0.27882
5784.000000 0.278897
5785.000000 0.278973
5786.000000 0.279049
5787.000000 0.279126
5788.000000 0.279202
5789.000000 0.279279
5790.000000 0.279355
5791.000000 0.279431
5791.605469 0.279477
5792.000000 0.279476
5793.000000 0.279472
5794.000000 0.279444
5795.000000 0.27944
5796.000000 0.279437
5797.000000 0.279433
5798.000000 0.279429
5799.000000 0.279425
5800.000000 0.279421
5801.000000 0.279417
5801.608398 0.279415
5802.000000 0.279354
5803.000000 0.279198
5804.000000 0.279041
5805.000000 0.278885
5806.000000 0.278729
5807.000000 0.278573
5808.000000 0.278417
5809.000000 0.278237
5810.000000 0.278081
5811.000000 0.277925
5811.610840 0.277829
5812.000000 0.277711
5813.000000 0.277408
5814.000000 0.277105
5815.000000 0.276802
5816.000000 0.276498
5817.000000 0.276195
5818.000000 0.275892
5819.000000 0.275589
5820.000000 0.275286
5821.000000 0.274983
5821.613770 0.274797
5822.000000 0.274657
5823.000000 0.274271
5824.000000 0.273908
5825.000000 0.273545
5826.000000 0.273182
5827.000000 0.27282
5828.000000 0.272457
5829.000000 0.272094
5830.000000 0.271732
5831.000000 0.271373
5831.616211 0.271153
5832.000000 0.271027
5833.000000 0.270701
5834.000000 0.270375
5835.000000 0.270049
5836.000000 0.269723
5837.000000 0.269374
5838.000000 0.269049
5839.000000 0.268723
5840.000000 0.268397
5841.000000 0.268071
5841.619141 0.267869
5842.000000 0.26775
5843.000000 0.267435
5844.000000 0.267121
5845.000000 0.266807
5846.000000 0.266492
5847.000000 0.266178
5848.000000 0.265864
5849.000000 0.26555
5850.000000 0.265213
5851.000000 0.264899
5851.621582 0.264704
5852.000000 0.264573
5853.000000 0.264226
5854.000000 0.26388
5855.000000 0.263533
5856.000000 0.263187
5857.000000 0.262841
5858.000000 0.262494
5859.000000 0.262148
5860.000000 0.261802
5861.000000 0.261455
5861.624512 0.261239
5862.000000 0.261122
5863.000000 0.260787
5864.000000 0.260474
5865.000000 0.260162
5866.000000 0.259849
5867.000000 0.259537
5868.000000 0.259225
5869.000000 0.258912
5870.000000 0.2586
5871.000000 0.258288
5871.626953 0.258092
5872.000000 0.258031
5873.000000 0.257869
5874.000000 0.257707
5875.000000 0.257544
5876.000000 0.25736
5877.000000 0.257198
5878.000000 0.257035
5879.000000 0.256873
5880.000000 0.256711
5881.000000 0.256549
5881.629883 0.256447
5882.000000 0.256458
5883.000000 0.25649
5884.000000 0.256522
5885.000000 0.256553
5886.000000 0.256585
5887.000000 0.256616
5888.000000 0.256626
5889.000000 0.256658
5890.000000 0.256689
5891.000000 0.256721
5891.632324 0.256741
5892.000000 0.256779
5893.000000 0.256883
5894.000000 0.256988
5895.000000 0.257092
5896.000000 0.257196
5897.000000 0.2573
5898.000000 0.257404
5899.000000 0.257509
5900.000000 0.257591
5901.000000 0.257695
5901.634766 0.257761
5902.000000 0.2578
5903.000000 0.257905
5904.000000 0.25801
5905.000000 0.258115
5906.000000 0.25822
5907.000000 0.258325
5908.000000 0.25843
5909.000000 0.258535
5910.000000 0.25864
5911.000000 0.258723
5911.637695 0.25879
5912.000000 0.258854
5913.000000 0.259031
5914.000000 0.259209
5915.000000 0.259386
5916.000000 0.259564
5917.000000 0.259741
5918.000000 0.259919
5919.000000 0.260096
5920.000000 0.260273
5921.000000 0.260451
5921.640625 0.260565
5922.000000 0.260678
5923.000000 0.260969
5924.000000 0.261283
5925.000000 0.261598
5926.000000 0.261912
5927.000000 0.262226
5928.000000 0.262539
5929.000000 0.262853
5930.000000 0.263167
5931.000000 0.263481
5931.643066 0.263683
5932.000000 0.263824
5933.000000 0.264218
5934.000000 0.264589
5935.000000 0.264983
5936.000000 0.265377
5937.000000 0.265771
5938.000000 0.266165
5939.000000 0.266559
5940.000000 0.266953
5941.000000 0.267346
5941.645508 0.267601
5942.000000 0.267721
5943.000000 0.268061
5944.000000 0.2684
5945.000000 0.268717
5946.000000 0.269057
5947.000000 0.269396
5948.000000 0.269736
5949.000000 0.270075
5950.000000 0.270415
5951.000000 0.270754
5951.648438 0.270974
5952.000000 0.27106
5953.000000 0.271303
5954.000000 0.271546
5955.000000 0.271788
5956.000000 0.272008
5957.000000 0.272251
5958.000000 0.272494
5959.000000 0.272737
5960.000000 0.27298
5961.000000 0.273222
5961.650879 0.27338
5962.000000 0.273452
5963.000000 0.273656
5964.000000 0.273859
5965.000000 0.274063
5966.000000 0.274244
5967.000000 0.274447
5968.000000 0.274651
5969.000000 0.274855
5970.000000 0.275059
5971.000000 0.275263
5971.653809 0.275396
5972.000000 0.275445
5973.000000 0.275586
5974.000000 0.275727
5975.000000 0.275868
5976.000000 0.275986
5977.000000 0.276127
5978.000000 0.276268
5979.000000 0.276409
5980.000000 0.27655
5981.000000 0.276691
5981.656738 0.276783
5982.000000 0.276795
5983.000000 0.276827
5984.000000 0.276859
5985.000000 0.276892
5986.000000 0.276924
5987.000000 0.276933
5988.000000 0.276965
5989.000000 0.276997
5990.000000 0.27703
5991.000000 0.277062
5991.659180 0.277084
5992.000000 0.27703
5993.000000 0.276873
5994.000000 0.276717
5995.000000 0.27656
5996.000000 0.276403
5997.000000 0.276223
5998.000000 0.276066
5999.000000 0.275909
6000.000000 0.275753
6001.000000 0.275617
6001.661621 0.275527
6002.000000 0.275457
6003.000000 0.275249
6004.000000 0.275042
6005.000000 0.274834
6006.000000 0.274603
6007.000000 0.274396
6008.000000 0.274188
6009.000000 0.27398
6010.000000 0.273773
6011.000000 0.273565
6011.664551 0.273427
6012.000000 0.273351
6013.000000 0.273124
6014.000000 0.272896
6015.000000 0.272669
6016.000000 0.272418
6017.000000 0.27219
6018.000000 0.271963
6019.000000 0.271735
6020.000000 0.271507
6021.000000 0.27128
6021.666992 0.271128
6022.000000 0.271046
6023.000000 0.270798
6024.000000 0.270551
6025.000000 0.270281
6026.000000 0.270033
6027.000000 0.269786
6028.000000 0.269539
6029.000000 0.269291
6030.000000 0.269044
6031.000000 0.268793
6031.669922 0.268625
6032.000000 0.268504
6033.000000 0.268137
6034.000000 0.267769
6035.000000 0.267379
6036.000000 0.267011
6037.000000 0.266644
6038.000000 0.266276
6039.000000 0.265908
6040.000000 0.265541
6041.000000 0.265173
6041.672363 0.264926
6042.000000 0.264792
6043.000000 0.264381
6044.000000 0.263948
6045.000000 0.263537
6046.000000 0.263127
6047.000000 0.262716
6048.000000 0.262305
6049.000000 0.261895
6050.000000 0.261484
6051.000000 0.261073
6051.675293 0.260796
6052.000000 0.260705
6053.000000 0.260404
6054.000000 0.260125
6055.000000 0.259846
6056.000000 0.259567
6057.000000 0.259288
6058.000000 0.259009
6059.000000 0.25873
6060.000000 0.25845
6061.000000 0.258171
6061.677734 0.257967
6062.000000 0.257903
6063.000000 0.257727
6064.000000 0.257551
6065.000000 0.257375
6066.000000 0.257199
6067.000000 0.257023
6068.000000 0.256847
6069.000000 0.256671
6070.000000 0.256494
6071.000000 0.256296
6071.680664 0.256177
6072.000000 0.256146
6073.000000 0.256048
6074.000000 0.255951
6075.000000 0.255854
6076.000000 0.255757
6077.000000 0.25566
6078.000000 0.255562
6079.000000 0.255465
6080.000000 0.255346
6081.000000 0.255249
6081.683105 0.255183
6082.000000 0.255146
6083.000000 0.255031
6084.000000 0.254916
6085.000000 0.254801
6086.000000 0.254685
6087.000000 0.25457
6088.000000 0.254433
6089.000000 0.254318
6090.000000 0.254203
6091.000000 0.254087
6091.686035 0.254008
6092.000000 0.253982
6093.000000 0.2539
6094.000000 0.253817
6095.000000 0.253734
6096.000000 0.253651
6097.000000 0.253547
6098.000000 0.253464
6099.000000 0.253381
6100.000000 0.253298
6101.000000 0.253215
6101.688477 0.253158
6102.000000 0.253172
6103.000000 0.253217
6104.000000 0.253262
6105.000000 0.253285
6106.000000 0.25333
6107.000000 0.253375
6108.000000 0.25342
6109.000000 0.253465
6110.000000 0.25351
6111.000000 0.253555
6111.691406 0.253586
6112.000000 0.253648
6113.000000 0.253851
6114.000000 0.254032
6115.000000 0.254235
6116.000000 0.254438
6117.000000 0.254641
6118.000000 0.254844
6119.000000 0.255047
6120.000000 0.25525
6121.000000 0.255453
6121.693848 0.255578
6122.000000 0.255641
6123.000000 0.255868
6124.000000 0.256094
6125.000000 0.256321
6126.000000 0.256548
6127.000000 0.256775
6128.000000 0.257001
6129.000000 0.257228
6130.000000 0.257433
6131.000000 0.25766
6131.696777 0.257818
6132.000000 0.257864
6133.000000 0.258015
6134.000000 0.258165
6135.000000 0.258316
6136.000000 0.258467
6137.000000 0.258618
6138.000000 0.258747
6139.000000 0.258898
6140.000000 0.259049
6141.000000 0.2592
6141.699219 0.259306
6142.000000 0.259349
6143.000000 0.259492
6144.000000 0.259636
6145.000000 0.25978
6146.000000 0.259901
6147.000000 0.260045
6148.000000 0.260189
6149.000000 0.260333
6150.000000 0.260476
6151.000000 0.26062
6151.702148 0.260721
6152.000000 0.260773
6153.000000 0.260947
6154.000000 0.261098
6155.000000 0.261272
6156.000000 0.261446
6157.000000 0.26162
6158.000000 0.261794
6159.000000 0.261968
6160.000000 0.262142
6161.000000 0.262316
6161.704590 0.262423
6162.000000 0.262488
6163.000000 0.262732
6164.000000 0.262976
6165.000000 0.26322
6166.000000 0.263464
6167.000000 0.263708
6168.000000 0.263952
6169.000000 0.264173
6170.000000 0.264417
6171.000000 0.264661
6171.707520 0.264834
6172.000000 0.264876
6173.000000 0.26502
6174.000000 0.265163
6175.000000 0.265307
6176.000000 0.265451
6177.000000 0.265572
6178.000000 0.265715
6179.000000 0.265859
6180.000000 0.266003
6181.000000 0.266147
6181.709961 0.266248
6182.000000 0.266259
6183.000000 0.266296
6184.000000 0.266332
6185.000000 0.266346
6186.000000 0.266382
6187.000000 0.266419
6188.000000 0.266455
6189.000000 0.266492
6190.000000 0.266529
6191.000000 0.266565
6191.712891 0.266575
6192.000000 0.266557
6193.000000 0.266519
6194.000000 0.26648
6195.000000 0.266442
6196.000000 0.266403
6197.000000 0.266364
6198.000000 0.266326
6199.000000 0.266287
6200.000000 0.266226
6201.000000 0.266187
6201.715332 0.26616
6202.000000 0.266154
6203.000000 0.266135
6204.000000 0.266116
6205.000000 0.266097
6206.000000 0.266078
6207.000000 0.266036
6208.000000 0.266017
6209.000000 0.265997
6210.000000 0.265978
6211.000000 0.265959
6211.718262 0.265945
6212.000000 0.265948
6213.000000 0.265957
6214.000000 0.265943
6215.000000 0.265952
6216.000000 0.265961
6217.000000 0.265969
6218.000000 0.265978
6219.000000 0.265987
6220.000000 0.265996
6221.000000 0.265982
6221.720703 0.265989
6222.000000 0.265965
6223.000000 0.265882
6224.000000 0.265799
6225.000000 0.265716
6226.000000 0.265633
6227.000000 0.26555
6228.000000 0.265467
6229.000000 0.265361
6230.000000 0.265278
6231.000000 0.265196
6231.723633 0.265137
6232.000000 0.265088
6233.000000 0.264911
6234.000000 0.264734
6235.000000 0.264557
6236.000000 0.264357
6237.000000 0.26418
6238.000000 0.264003
6239.000000 0.263826
6240.000000 0.263649
6241.000000 0.263472
6241.726074 0.263343
6242.000000 0.263296
6243.000000 0.263102
6244.000000 0.26293
6245.000000 0.262759
6246.000000 0.262587
6247.000000 0.262416
6248.000000 0.262244
6249.000000 0.262073
6250.000000 0.261879
6251.000000 0.261707
6251.729004 0.261582
6252.000000 0.261564
6253.000000 0.261499
6254.000000 0.261435
6255.000000 0.26137
6256.000000 0.261305
6257.000000 0.261218
6258.000000 0.261153
6259.000000 0.261088
6260.000000 0.261023
6261.000000 0.260958
6261.731445 0.260911
6262.000000 0.260912
6263.000000 0.260915
6264.000000 0.260896
6265.000000 0.2609
6266.000000 0.260903
6267.000000 0.260906
6268.000000 0.26091
6269.000000 0.260913
6270.000000 0.260894
6271.000000 0.260898
6271.734375 0.2609
6272.000000 0.260884
6273.000000 0.260823
6274.000000 0.260762
6275.000000 0.2607
6276.000000 0.260639
6277.000000 0.260556
6278.000000 0.260494
6279.000000 0.260433
6280.000000 0.260372
6281.000000 0.260311
6281.736816 0.260266
6282.000000 0.260241
6283.000000 0.260149
6284.000000 0.260035
6285.000000 0.259943
6286.000000 0.259851
6287.000000 0.259759
6288.000000 0.259667
6289.000000 0.259575
6290.000000 0.259483
6291.000000 0.259368
6291.739746 0.2593
6292.000000 0.259279
6293.000000 0.259199
6294.000000 0.259119
6295.000000 0.259039
6296.000000 0.258959
6297.000000 0.258857
6298.000000 0.258777
6299.000000 0.258696
6300.000000 0.258616
6301.000000 0.258536
6301.742188 0.258477
6302.000000 0.25849
6303.000000 0.258543
6304.000000 0.258574
6305.000000 0.258627
6306.000000 0.25868
6307.000000 0.258733
6308.000000 0.258785
6309.000000 0.258838
6310.000000 0.258869
6311.000000 0.258922
6311.745117 0.258961
6312.000000 0.258992
6313.000000 0.259116
6314.000000 0.259239
6315.000000 0.259362
6316.000000 0.259485
6317.000000 0.259586
6318.000000 0.259709
6319.000000 0.259832
6320.000000 0.259955
6321.000000 0.260078
6321.747559 0.26017
6322.000000 0.260187
6323.000000 0.260236
6324.000000 0.260306
6325.000000 0.260376
6326.000000 0.260446
6327.000000 0.260517
6328.000000 0.260587
6329.000000 0.260635
6330.000000 0.260705
6331.000000 0.260776
6331.750488 0.260828
6332.000000 0.260826
6333.000000 0.260816
6334.000000 0.260805
6335.000000 0.260795
6336.000000 0.260762
6337.000000 0.260752
6338.000000 0.260742
6339.000000 0.260731
6340.000000 0.260721
6341.000000 0.260711
6341.752930 0.260686
6342.000000 0.260672
6343.000000 0.260639
6344.000000 0.260606
6345.000000 0.260572
6346.000000 0.260539
6347.000000 0.260506
6348.000000 0.26045
6349.000000 0.260417
6350.000000 0.260383
6351.000000 0.26035
6351.755859 0.260325
6352.000000 0.260335
6353.000000 0.260377
6354.000000 0.26042
6355.000000 0.26044
6356.000000 0.260482
6357.000000 0.260525
6358.000000 0.260567
6359.000000 0.26061
6360.000000 0.260652
6361.000000 0.260672
6361.758301 0.260704
6362.000000 0.26072
6363.000000 0.260785
6364.000000 0.260851
6365.000000 0.260916
6366.000000 0.260982
6367.000000 0.261025
6368.000000 0.261091
6369.000000 0.261156
6370.000000 0.261222
6371.000000 0.261287
6371.761230 0.261337
6372.000000 0.26135
6373.000000 0.261381
6374.000000 0.261435
6375.000000 0.261489
6376.000000 0.261544
6377.000000 0.261598
6378.000000 0.261652
6379.000000 0.261683
6380.000000 0.261738
6381.000000 0.261791
6381.763672 0.261833
6382.000000 0.261815
6383.000000 0.261743
6384.000000 0.26167
6385.000000 0.261575
6386.000000 0.261502
6387.000000 0.26143
6388.000000 0.261357
6389.000000 0.261284
6390.000000 0.261212
6391.000000 0.261116
6391.766602 0.26106
6392.000000 0.261028
6393.000000 0.260887
6394.000000 0.260747
6395.000000 0.260607
6396.000000 0.260467
6397.000000 0.260304
6398.000000 0.260164
6399.000000 0.260024
6400.000000 0.259883
6401.000000 0.259743
6401.769043 0.259635
6402.000000 0.25962
6403.000000 0.259535
6404.000000 0.259473
6405.000000 0.25941
6406.000000 0.259347
6407.000000 0.259284
6408.000000 0.259222
6409.000000 0.259137
6410.000000 0.259074
6411.000000 0.259011
6411.771973 0.258962
6412.000000 0.258963
6413.000000 0.258965
6414.000000 0.258967
6415.000000 0.258948
6416.000000 0.25895
6417.000000 0.258952
6418.000000 0.258955
6419.000000 0.258957
6420.000000 0.258937
6421.000000 0.258939
6421.774414 0.258941
6422.000000 0.258946
6423.000000 0.258968
6424.000000 0.25899
6425.000000 0.259012
6426.000000 0.259011
6427.000000 0.259033
6428.000000 0.259055
6429.000000 0.259077
6430.000000 0.259099
6431.000000 0.259116
6431.777344 0.259112
6432.000000 0.259094
6433.000000 0.259036
6434.000000 0.258977
6435.000000 0.258919
6436.000000 0.25886
6437.000000 0.258802
6438.000000 0.258721
6439.000000 0.258663
6440.000000 0.258605
6441.000000 0.258546
6441.779785 0.2585
6442.000000 0.25848
6443.000000 0.258363
6444.000000 0.258269
6445.000000 0.258174
6446.000000 0.25808
6447.000000 0.257986
6448.000000 0.257891
6449.000000 0.257775
6450.000000 0.257681
6451.000000 0.257586
6451.782715 0.257512
6452.000000 0.257499
6453.000000 0.25744
6454.000000 0.257381
6455.000000 0.2573
6456.000000 0.257241
6457.000000 0.257182
6458.000000 0.257123
6459.000000 0.257063
6460.000000 0.256982
6461.000000 0.256923
6461.785156 0.256876
6462.000000 0.256897
6463.000000 0.256992
6464.000000 0.257088
6465.000000 0.257183
6466.000000 0.257257
6467.000000 0.257352
6468.000000 0.257447
6469.000000 0.257543
6470.000000 0.257638
6471.000000 0.257711
6471.788086 0.257786
6472.000000 0.257824
6473.000000 0.258002
6474.000000 0.25818
6475.000000 0.258358
6476.000000 0.258537
6477.000000 0.258693
6478.000000 0.258871
6479.000000 0.259049
6480.000000 0.259227
6481.000000 0.259405
6481.790527 0.259528
6482.000000 0.259553
6483.000000 0.259696
6484.000000 0.259838
6485.000000 0.259981
6486.000000 0.260124
6487.000000 0.260266
6488.000000 0.260387
6489.000000 0.26053
6490.000000 0.260672
6491.000000 0.260815
6491.793457 0.260928
6492.000000 0.260948
6493.000000 0.261023
6494.000000 0.261121
6495.000000 0.261218
6496.000000 0.261316
6497.000000 0.261413
6498.000000 0.261511
6499.000000 0.261586
6500.000000 0.261683
6501.000000 0.261738
6501.795898 0.261782
6502.000000 0.261791
6503.000000 0.261833
6504.000000 0.261853
6505.000000 0.261896
6506.000000 0.261938
6507.000000 0.261981
6508.000000 0.262023
6509.000000 0.262043
6510.000000 0.262085
6511.000000 0.262127
6511.798828 0.262161
6512.000000 0.262192
6513.000000 0.262351
6514.000000 0.26251
6515.000000 0.262646
6516.000000 0.262804
6517.000000 0.262963
6518.000000 0.263121
6519.000000 0.263279
6520.000000 0.263415
6521.000000 0.263573
6521.801270 0.263699
6522.000000 0.263742
6523.000000 0.263956
6524.000000 0.26417
6525.000000 0.264361
6526.000000 0.264575
6527.000000 0.264789
6528.000000 0.265002
6529.000000 0.265216
6530.000000 0.26543
6531.000000 0.26562
6531.804199 0.265791
6532.000000 0.265833
6533.000000 0.266048
6534.000000 0.266262
6535.000000 0.266476
6536.000000 0.266667
6537.000000 0.266881
6538.000000 0.267095
6539.000000 0.267309
6540.000000 0.267523
6541.000000 0.267713
6541.806641 0.267886
6542.000000 0.26791
6543.000000 0.268034
6544.000000 0.268159
6545.000000 0.268283
6546.000000 0.268385
6547.000000 0.268509
6548.000000 0.268633
6549.000000 0.268758
6550.000000 0.268882
6551.000000 0.268983
6551.809570 0.269083
6552.000000 0.269093
6553.000000 0.269146
6554.000000 0.269199
6555.000000 0.269252
6556.000000 0.269282
6557.000000 0.269335
6558.000000 0.269388
6559.000000 0.269441
6560.000000 0.269493
6561.000000 0.269523
6561.812012 0.269565
6562.000000 0.269571
6563.000000 0.269602
6564.000000 0.269632
6565.000000 0.269662
6566.000000 0.269693
6567.000000 0.2697
6568.000000 0.26973
6569.000000 0.26976
6570.000000 0.269791
6571.000000 0.26982
6571.814941 0.269826
6572.000000 0.269827
6573.000000 0.269858
6574.000000 0.269889
6575.000000 0.26992
6576.000000 0.269951
6577.000000 0.269958
6578.000000 0.269989
6579.000000 0.27002
6580.000000 0.270051
6581.000000 0.270081
6581.817383 0.270087
6582.000000 0.270086
6583.000000 0.2701
6584.000000 0.270114
6585.000000 0.270128
6586.000000 0.270142
6587.000000 0.270133
6588.000000 0.270147
6589.000000 0.270161
6590.000000 0.270175
6591.000000 0.270189
6591.820312 0.270181
6592.000000 0.270158
6593.000000 0.270054
6594.000000 0.26995
6595.000000 0.269846
6596.000000 0.269742
6597.000000 0.269615
6598.000000 0.269511
6599.000000 0.269407
6600.000000 0.269303
6601.000000 0.269198
6601.822754 0.269094
6602.000000 0.269052
6603.000000 0.268841
6604.000000 0.26863
6605.000000 0.268419
6606.000000 0.268185
6607.000000 0.267975
6608.000000 0.267764
6609.000000 0.267553
6610.000000 0.267343
6611.000000 0.267109
6611.825684 0.266935
6612.000000 0.266895
6613.000000 0.266663
6614.000000 0.266432
6615.000000 0.266201
6616.000000 0.265946
6617.000000 0.265715
6618.000000 0.265484
6619.000000 0.265253
6620.000000 0.265022
6621.000000 0.264768
6621.828125 0.264577
6622.000000 0.264539
6623.000000 0.264315
6624.000000 0.264092
6625.000000 0.263868
6626.000000 0.263623
6627.000000 0.263399
6628.000000 0.263176
6629.000000 0.262953
6630.000000 0.26273
6631.000000 0.262474
6631.831055 0.262281
6632.000000 0.262248
6633.000000 0.262057
6634.000000 0.261866
6635.000000 0.261675
6636.000000 0.261462
6637.000000 0.261271
6638.000000 0.261081
6639.000000 0.26089
6640.000000 0.260677
6641.000000 0.260487
6641.833496 0.260328
6642.000000 0.260284
6643.000000 0.260021
6644.000000 0.259758
6645.000000 0.259472
6646.000000 0.25921
6647.000000 0.258947
6648.000000 0.258684
6649.000000 0.258422
6650.000000 0.258137
6651.000000 0.257874
6651.836426 0.257655
6652.000000 0.257603
6653.000000 0.257288
6654.000000 0.256973
6655.000000 0.256636
6656.000000 0.256321
6657.000000 0.256006
6658.000000 0.255692
6659.000000 0.255355
6660.000000 0.255041
6661.000000 0.254726
6661.838867 0.254463
6662.000000 0.25441
6663.000000 0.254082
6664.000000 0.253733
6665.000000 0.253406
6666.000000 0.253079
6667.000000 0.252753
6668.000000 0.252426
6669.000000 0.252078
6670.000000 0.251751
6671.000000 0.251425
6671.841797 0.25115
6672.000000 0.25111
6673.000000 0.250837
6674.000000 0.250586
6675.000000 0.250334
6676.000000 0.250083
6677.000000 0.249831
6678.000000 0.249559
6679.000000 0.249308
6680.000000 0.249057
6681.000000 0.248806
6681.844238 0.248594
6682.000000 0.248578
6683.000000 0.248454
6684.000000 0.248352
6685.000000 0.248249
6686.000000 0.248147
6687.000000 0.248024
6688.000000 0.247921
6689.000000 0.247819
6690.000000 0.247717
6691.000000 0.247615
6691.847168 0.24751
6692.000000 0.247499
6693.000000 0.24745
6694.000000 0.247401
6695.000000 0.247352
6696.000000 0.247281
6697.000000 0.247232
6698.000000 0.247183
6699.000000 0.247134
6700.000000 0.247085
6701.000000 0.247014
6701.849609 0.246972
6702.000000 0.246964
6703.000000 0.246911
6704.000000 0.246857
6705.000000 0.246782
6706.000000 0.246729
6707.000000 0.246675
6708.000000 0.246622
6709.000000 0.246568
6710.000000 0.246493
6711.000000 0.24644
6711.852539 0.246394
6712.000000 0.246384
6713.000000 0.246312
6714.000000 0.24622
6715.000000 0.246148
6716.000000 0.246077
6717.000000 0.246006
6718.000000 0.245935
6719.000000 0.245842
6720.000000 0.245771
6721.000000 0.2457
6721.854980 0.245639
6722.000000 0.245633
6723.000000 0.245569
6724.000000 0.245527
6725.000000 0.245484
6726.000000 0.245442
6727.000000 0.2454
6728.000000 0.245336
6729.000000 0.245294
6730.000000 0.245252
6731.000000 0.245209
6731.857910 0.245155
6732.000000 0.245158
6733.000000 0.245199
6734.000000 0.245241
6735.000000 0.245283
6736.000000 0.245324
6737.000000 0.245345
6738.000000 0.245386
6739.000000 0.245428
6740.000000 0.245469
6741.000000 0.245489
6741.860352 0.245525
6742.000000 0.245549
6743.000000 0.245724
6744.000000 0.245899
6745.000000 0.246074
6746.000000 0.246227
6747.000000 0.246402
6748.000000 0.246576
6749.000000 0.24675
6750.000000 0.246903
6751.000000 0.247077
6751.863281 0.247228
6752.000000 0.247253
6753.000000 0.247442
6754.000000 0.247608
6755.000000 0.247797
6756.000000 0.247984
6757.000000 0.248172
6758.000000 0.24836
6759.000000 0.248526
6760.000000 0.248714
6761.000000 0.248901
6761.865723 0.249063
6762.000000 0.249083
6763.000000 0.24921
6764.000000 0.249358
6765.000000 0.249506
6766.000000 0.249653
6767.000000 0.24978
6768.000000 0.249927
6769.000000 0.250075
6770.000000 0.250222
6771.000000 0.250369
6771.868652 0.250479
6772.000000 0.250485
6773.000000 0.250559
6774.000000 0.250632
6775.000000 0.250705
6776.000000 0.250756
6777.000000 0.250829
6778.000000 0.250902
6779.000000 0.250975
6780.000000 0.251026
6781.000000 0.251099
6781.871094 0.251162
6782.000000 0.251164
6783.000000 0.251175
6784.000000 0.251187
6785.000000 0.251176
6786.000000 0.251188
6787.000000 0.251199
6788.000000 0.25121
6789.000000 0.2512
6790.000000 0.251211
6791.000000 0.251222
6791.874023 0.251232
6792.000000 0.251235
6793.000000 0.251235
6794.000000 0.251256
6795.000000 0.251278
6796.000000 0.2513
6797.000000 0.2513
6798.000000 0.251321
6799.000000 0.251343
6800.000000 0.251364
6801.000000 0.251386
6801.876465 0.251386
6802.000000 0.251383
6803.000000 0.251379
6804.000000 0.251375
6805.000000 0.251371
6806.000000 0.251346
6807.000000 0.251342
6808.000000 0.251339
6809.000000 0.251335
6810.000000 0.251309
6811.000000 0.251305
6811.879395 0.251302
6812.000000 0.251295
6813.000000 0.251236
6814.000000 0.251155
6815.000000 0.251096
6816.000000 0.251038
6817.000000 0.250979
6818.000000 0.250898
6819.000000 0.250839
6820.000000 0.25078
6821.000000 0.250722
6821.882324 0.25067
6822.000000 0.25065
6823.000000 0.250461
6824.000000 0.250293
6825.000000 0.250125
6826.000000 0.249958
6827.000000 0.249769
6828.000000 0.249601
6829.000000 0.249434
6830.000000 0.249267
6831.000000 0.249084
6831.884766 0.248941
6832.000000 0.24891
6833.000000 0.248644
6834.000000 0.248378
6835.000000 0.24809
6836.000000 0.247824
6837.000000 0.247558
6838.000000 0.247292
6839.000000 0.247005
6840.000000 0.246739
6841.000000 0.246474
6841.887695 0.246238
6842.000000 0.246207
6843.000000 0.245907
6844.000000 0.245628
6845.000000 0.24535
6846.000000 0.245072
6847.000000 0.244773
6848.000000 0.244494
6849.000000 0.244216
6850.000000 0.243939
6851.000000 0.24364
6851.890137 0.243393
6852.000000 0.243365
6853.000000 0.24311
6854.000000 0.242856
6855.000000 0.242602
6856.000000 0.242327
6857.000000 0.242072
6858.000000 0.241818
6859.000000 0.241565
6860.000000 0.24129
6861.000000 0.241036
6861.892578 0.24081
6862.000000 0.240788
6863.000000 0.240587
6864.000000 0.240364
6865.000000 0.240163
6866.000000 0.239962
6867.000000 0.239761
6868.000000 0.239539
6869.000000 0.239338
6870.000000 0.239137
6871.000000 0.238936
6871.895508 0.238737
6872.000000 0.238714
6873.000000 0.238507
6874.000000 0.2383
6875.000000 0.238093
6876.000000 0.237866
6877.000000 0.237659
6878.000000 0.237452
6879.000000 0.237246
6880.000000 0.237019
6881.000000 0.236812
6881.898438 0.236627
6882.000000 0.236604
6883.000000 0.236384
6884.000000 0.236144
6885.000000 0.235924
6886.000000 0.235703
6887.000000 0.235484
6888.000000 0.235243
6889.000000 0.235024
6890.000000 0.234804
6891.000000 0.234584
6891.900879 0.234368
6892.000000 0.234346
6893.000000 0.234137
6894.000000 0.233928
6895.000000 0.233719
6896.000000 0.23349
6897.000000 0.233282
6898.000000 0.233073
6899.000000 0.232865
6900.000000 0.232636
6901.000000 0.232428
6901.903809 0.23224
6902.000000 0.232224
6903.000000 0.232053
6904.000000 0.231863
6905.000000 0.231693
6906.000000 0.231523
6907.000000 0.231352
6908.000000 0.231162
6909.000000 0.230992
6910.000000 0.230822
6911.000000 0.230633
6911.906250 0.230479
6912.000000 0.230474
6913.000000 0.230419
6914.000000 0.230364
6915.000000 0.23029
6916.000000 0.230235
6917.000000 0.23018
6918.000000 0.230126
6919.000000 0.230051
6920.000000 0.229996
6921.000000 0.229942
6921.909180 0.229892
6922.000000 0.229894
6923.000000 0.229895
6924.000000 0.229916
6925.000000 0.229937
6926.000000 0.229958
6927.000000 0.229959
6928.000000 0.22998
6929.000000 0.230001
6930.000000 0.230021
6931.000000 0.230022
6931.911621 0.230041
6932.000000 0.230043
6933.000000 0.23006
6934.000000 0.230078
6935.000000 0.230075
6936.000000 0.230093
6937.000000 0.23011
6938.000000 0.230128
6939.000000 0.230125
6940.000000 0.230143
6941.000000 0.23016
6941.914551 0.230157
6942.000000 0.230152
6943.000000 0.230114
6944.000000 0.230076
6945.000000 0.230038
6946.000000 0.22998
6947.000000 0.229942
6948.000000 0.229904
6949.000000 0.229866
6950.000000 0.229808
6951.000000 0.22977
6951.916992 0.229735
6952.000000 0.229727
6953.000000 0.229634
6954.000000 0.229522
6955.000000 0.229429
6956.000000 0.229336
6957.000000 0.229244
6958.000000 0.229131
6959.000000 0.229039
6960.000000 0.228946
6961.000000 0.228854
6961.919922 0.228751
6962.000000 0.228741
6963.000000 0.228645
6964.000000 0.228548
6965.000000 0.228432
6966.000000 0.228335
6967.000000 0.228239
6968.000000 0.228142
6969.000000 0.228026
6970.000000 0.22793
6971.000000 0.227834
6971.922363 0.227745
6972.000000 0.227742
6973.000000 0.22769
6974.000000 0.227658
6975.000000 0.227625
6976.000000 0.227593
6977.000000 0.22754
6978.000000 0.227508
6979.000000 0.227475
6980.000000 0.227423
6981.000000 0.22739
6981.925293 0.22736
6982.000000 0.227369
6983.000000 0.227479
6984.000000 0.227569
6985.000000 0.227679
6986.000000 0.227789
6987.000000 0.227898
6988.000000 0.227988
6989.000000 0.228098
6990.000000 0.228208
6991.000000 0.228317
6991.927734 0.2284
6992.000000 0.228418
6993.000000 0.228678
6994.000000 0.228938
6995.000000 0.229178
6996.000000 0.229437
6997.000000 0.229697
6998.000000 0.229956
6999.000000 0.230195
7000.000000 0.230455
7001.000000 0.230688
7001.930664 0.230906
7002.000000 0.230929
7003.000000 0.231246
7004.000000 0.231582
7005.000000 0.231918
7006.000000 0.232234
7007.000000 0.232569
7008.000000 0.232904
7009.000000 0.233239
7010.000000 0.233554
7011.000000 0.233888
7011.933105 0.2342
7012.000000 0.234216
7013.000000 0.234451
7014.000000 0.234665
7015.000000 0.2349
7016.000000 0.235134
7017.000000 0.235348
7018.000000 0.235582
7019.000000 0.235816
7020.000000 0.236049
7021.000000 0.236262
7021.936035 0.236481
7022.000000 0.236457
7023.000000 0.236083
7024.000000 0.235709
7025.000000 0.235314
7026.000000 0.234941
7027.000000 0.234567
7028.000000 0.234174
7029.000000 0.2338
7030.000000 0.233428
7031.000000 0.233047
7031.938477 0.232671
7032.000000 0.232565
7033.000000 0.230877
7034.000000 0.22919
7035.000000 0.227504
7036.000000 0.225799
7037.000000 0.224115
7038.000000 0.222433
7039.000000 0.220732
7040.000000 0.219052
7041.000000 0.217373
7041.941406 0.215793
7042.000000 0.215588
7043.000000 0.212075
7044.000000 0.208584
7045.000000 0.205094
7046.000000 0.201607
7047.000000 0.198105
7048.000000 0.194623
7049.000000 0.191144
7050.000000 0.18765
7051.000000 0.184175
7051.943848 0.180898
7052.000000 0.180626
7053.000000 0.175788
7054.000000 0.170939
7055.000000 0.166108
7056.000000 0.161281
7057.000000 0.156443
7058.000000 0.151622
7059.000000 0.146805
7060.000000 0.141991
7061.000000 0.137168
7061.946777 0.132617
7062.000000 0.132364
7063.000000 0.127612
7064.000000 0.122852
7065.000000 0.118107
7066.000000 0.113365
7067.000000 0.108626
7068.000000 0.103882
7069.000000 0.0991495
7070.000000 0.0944207
7071.000000 0.0896873
7071.949219 0.0852051
7072.000000 0.0850301
7073.000000 0.0815866
7074.000000 0.0781453
7075.000000 0.0746999
7076.000000 0.0712636
7077.000000 0.0678297
7078.000000 0.064398
7079.000000 0.0609634
7080.000000 0.0575367
7081.000000 0.0541124
7081.952148 0.0508498
7082.000000 0.0507475
7083.000000 0.0486141
7084.000000 0.0464822
7085.000000 0.0443517
7086.000000 0.042219
7087.000000 0.0400916
7088.000000 0.0379657
7089.000000 0.035838
7090.000000 0.0337151
7091.000000 0.0315937
7091.954590 0.0295699
7092.000000 0.029512
7093.000000 0.0282346
7094.000000 0.0269606
7095.000000 0.0256875
7096.000000 0.0244131
7097.000000 0.0231418
7098.000000 0.0218713
7099.000000 0.0206017
7100.000000 0.0193313
7101.000000 0.0180636
7101.957520 0.0168505
7102.000000 0.0168206
7103.000000 0.0161141
7104.000000 0.0154096
7105.000000 0.0147056
7106.000000 0.014002
7107.000000 0.0132978
7108.000000 0.0125952
7109.000000 0.0118932
7110.000000 0.0111906
7111.000000 0.0104896
7111.959961 0.00981703
7112.000000 0.0098015
7113.000000 0.00941393
7114.000000 0.00902583
7115.000000 0.00863882
7116.000000 0.00825206
7117.000000 0.00786489
7118.000000 0.00747869
7119.000000 0.00709276
7120.000000 0.00670651
7121.000000 0.00632113
7121.962891 0.0059503
7122.000000 0.00594183
7123.000000 0.00571347
7124.000000 0.00548478
7125.000000 0.00525675
7126.000000 0.00502888
7127.000000 0.00480074
7128.000000 0.00457319
7129.000000 0.0043458
7130.000000 0.00411856
7131.000000 0.00389114
7131.965332 0.0036721
7132.000000 0.00366733
7133.000000 0.00352992
7134.000000 0.0033923
7135.000000 0.00325508
7136.000000 0.00311796
7137.000000 0.00298093
7138.000000 0.00284374
7139.000000 0.00270691
7140.000000 0.00257017
7141.000000 0.00243332
7141.968262 0.00230111
7142.000000 0.00229849
7143.000000 0.00221613
7144.000000 0.00213363
7145.000000 0.00205138
7146.000000 0.00196919
7147.000000 0.00188705
7148.000000 0.00180482
7149.000000 0.0017228
7150.000000 0.00164084
7151.000000 0.0015588
7151.970703 0.00147935
7152.000000 0.00147787
7153.000000 0.00142729
7154.000000 0.00137674
7155.000000 0.00132611
7156.000000 0.00127564
7157.000000 0.0012252
7158.000000 0.00117469
7159.000000 0.00112432
7160.000000 0.00107399
7161.000000 0.0010236
7161.973633 0.000974667
7162.000000 0.000973845
7163.000000 0.000942672
7164.000000 0.00091152
7165.000000 0.000880313
7166.000000 0.000849206
7167.000000 0.00081812
7168.000000 0.000786987
7169.000000 0.000755946
7170.000000 0.000724926
7171.000000 0.000693867
7171.976074 0.000663633
7172.000000 0.000663107
7173.000000 0.000641102
7174.000000 0.000619113
7175.000000 0.000597087
7176.000000 0.00057513
7177.000000 0.000553187
7178.000000 0.000531213
7179.000000 0.000509303
7180.000000 0.000487407
7181.000000 0.000465486
7181.979004 0.00044408
7182.000000 0.000443808
7183.000000 0.00043085
7184.000000 0.0004179
7185.000000 0.000404924
7186.000000 0.000391993
7187.000000 0.000379071
7188.000000 0.000366126
7189.000000 0.000353222
7190.000000 0.000340327
7191.000000 0.000327413
7191.981934 0.00031477
7192.000000 0.000314601
7193.000000 0.000305242
7194.000000 0.000295889
7195.000000 0.000286518
7196.000000 0.000277179
7197.000000 0.000267847
7198.000000 0.000258498
7199.000000 0.000249179
7200.000000 0.000239866
7201.000000 0.00023054
7201.984375 0.000221386
7202.000000 0.000221279
7203.000000 0.000214431
7204.000000 0.00020757
7205.000000 0.000200733
7206.000000 0.0001939
7207.000000 0.000187071
7208.000000 0.000180232
7209.000000 0.000173413
7210.000000 0.000166599
7211.000000 0.000159776
7211.987305 0.000153059
7212.000000 0.000153001
7213.000000 0.000148442
7214.000000 0.000143874
7215.000000 0.000139322
7216.000000 0.000134773
7217.000000 0.000130227
7218.000000 0.000125673
7219.000000 0.000121134
7220.000000 0.000116598
7221.000000 0.000112055
7221.989746 0.000107572
7222.000000 0.000107545
7223.000000 0.00010496
7224.000000 0.000102368
7225.000000 9.97869e-05
7226.000000 9.72075e-05
7227.000000 9.46216e-05
7228.000000 9.20459e-05
7229.000000 8.94719e-05
7230.000000 8.68997e-05
7231.000000 8.43186e-05
7231.992676 8.17658e-05
7232.000000 8.17498e-05
7233.000000 7.95668e-05
7234.000000 7.73788e-05
7235.000000 7.51993e-05
7236.000000 7.30215e-05
7237.000000 7.08392e-05
7238.000000 6.86649e-05
7239.000000 6.64923e-05
7240.000000 6.43157e-05
7241.000000 6.21465e-05
7241.995117 5.99896e-05
7242.000000 5.99802e-05
7243.000000 5.80502e-05
7244.000000 5.61268e-05
