1760.000000 1.81603e-05
1770.000000 3.72493e-05
1780.000000 5.7319e-05
1790.000000 7.8419e-05
1800.000000 0.000100605
1810.000000 0.000123921
1820.000000 0.000148425
1830.000000 0.000174169
1840.000000 0.000201207
1850.000000 0.00022959
1852.000000 0.000283063
1854.000000 0.000237985
1856.000000 0.00024932
1858.000000 0.000274947
1860.000000 0.000283289
1862.000000 0.000299963
1864.000000 0.000290384
1866.000000 0.000308468
1868.000000 0.000300015
1870.000000 0.000304871
1872.000000 0.000338246
1874.000000 0.000354237
1876.000000 0.000357362
1878.000000 0.00039321
1879.000000 0.000398473
1880.000000 0.000403592
1882.000000 0.000413079
1884.000000 0.00042916
1886.000000 0.000446504
1888.000000 0.000440197
1890.000000 0.000460817
1892.000000 0.000476089
1894.000000 0.000514806
1896.000000 0.000526954
1898.000000 0.000546048
1900.000000 0.000568599
1902.000000 0.000578534
1904.000000 0.000589904
1906.000000 0.000617869
1908.000000 0.000634852
1910.000000 0.000663941
1912.000000 0.000678109
1914.000000 0.00069771
1916.000000 0.000718433
1918.000000 0.000740075
1920.000000 0.000768242
1922.000000 0.000788536
1924.000000 0.000801532
1926.000000 0.000833756
1928.000000 0.000858994
1930.000000 0.00089049
1932.000000 0.00090779
1934.000000 0.00092477
1936.000000 0.000967674
1938.000000 0.000987707
1940.000000 0.00102295
1942.000000 0.00104839
1944.000000 0.00106737
1946.000000 0.00108882
1948.000000 0.00111138
1950.000000 0.00114948
1952.000000 0.00118125
1954.000000 0.00121015
1956.000000 0.00122618
1958.000000 0.00124752
1960.000000 0.0012877
1962.000000 0.00131475
1964.000000 0.00133931
1966.000000 0.00137461
1968.000000 0.00141207
1970.000000 0.00143908
1972.000000 0.00145415
1974.000000 0.00148633
1976.000000 0.00153069
1978.000000 0.00154041
1980.000000 0.00157662
1982.000000 0.00160217
1984.000000 0.00161653
1986.000000 0.00165764
1988.000000 0.00168052
1990.000000 0.0017047
1992.000000 0.00173845
1994.000000 0.00177094
1996.000000 0.00177866
1998.000000 0.00181844
2000.000000 0.00183571
2002.000000 0.00185081
2004.000000 0.00189776
2006.000000 0.00191326
2008.000000 0.00193457
2010.000000 0.00196175
2012.000000 0.00199603
2014.000000 0.00201812
2016.000000 0.0020272
2018.000000 0.00205224
2020.000000 0.00207169
2022.000000 0.00209712
2024.000000 0.00211391
2026.000000 0.00215019
2028.000000 0.00217121
2030.000000 0.00218401
2032.000000 0.00221067
2034.000000 0.00221966
2036.000000 0.00224573
2038.000000 0.00226746
2040.000000 0.00227376
2042.000000 0.00230039
2044.000000 0.00232137
2046.000000 0.00232847
2048.000000 0.0023518
2050.000000 0.00237872
2052.000000 0.00238455
2054.000000 0.00240474
2056.000000 0.00242654
2058.000000 0.00244922
2060.000000 0.00245492
2062.000000 0.00246656
2064.000000 0.002477
2066.000000 0.00250062
2068.000000 0.00251143
2070.000000 0.0025193
2072.000000 0.00252669
2074.000000 0.00254928
2076.000000 0.00256005
2078.000000 0.00256727
2080.000000 0.00257893
2082.000000 0.00259634
2084.000000 0.00260959
2086.000000 0.00261787
2088.000000 0.00262738
2090.000000 0.00264151
2092.000000 0.00265506
2094.000000 0.00264952
2096.000000 0.00266865
2098.000000 0.00268263
2100.000000 0.00268671
2102.000000 0.00269969
2104.000000 0.00271279
2106.000000 0.00271799
2108.000000 0.0027297
2110.000000 0.00272921
2112.000000 0.00274916
2114.000000 0.0027433
2116.000000 0.00276329
2118.000000 0.0027678
2120.000000 0.00276907
2122.000000 0.00278423
2124.000000 0.00278672
2126.000000 0.00279418
2128.000000 0.00280095
2130.000000 0.00281134
2132.000000 0.00280166
2134.000000 0.00282648
2136.000000 0.00281592
2138.000000 0.00281989
2140.000000 0.00282978
2142.000000 0.00282957
2144.000000 0.00284268
2146.000000 0.00283255
2148.000000 0.00284055
2150.000000 0.00284246
2152.000000 0.00285382
2154.000000 0.00285926
2156.000000 0.00286346
2158.000000 0.00286059
2160.000000 0.00286465
2162.000000 0.00286132
2164.000000 0.00285884
2166.000000 0.00286077
2168.000000 0.0028616
2170.000000 0.00285094
2172.000000 0.00286096
2174.000000 0.00286952
2176.000000 0.00286704
2178.000000 0.00286095
2180.000000 0.00285719
2182.000000 0.00286067
2184.000000 0.0028553
2186.000000 0.0028486
2188.000000 0.00285521
2190.000000 0.0028453
2192.000000 0.00284156
2194.000000 0.00284011
2196.000000 0.00283497
2198.000000 0.00282936
2200.000000 0.00282016
2202.000000 0.0028322
2204.000000 0.00284507
2206.000000 0.00284957
2208.000000 0.00286092
2210.000000 0.00287076
2212.000000 0.00287762
2214.000000 0.00288318
2216.000000 0.00289212
2218.000000 0.00290391
2220.000000 0.00290936
2222.000000 0.00291648
2224.000000 0.00291921
2226.000000 0.00292529
2228.000000 0.00293423
2230.000000 0.00294086
2232.000000 0.00294563
2234.000000 0.00294317
2236.000000 0.00294525
2238.000000 0.00295188
2240.000000 0.00293739
2242.000000 0.00295708
2244.000000 0.0029535
2246.000000 0.00295027
2248.000000 0.00295246
2250.000000 0.00295076
2252.000000 0.00295071
2254.000000 0.00294722
2256.000000 0.00294481
2258.000000 0.00294123
2260.000000 0.00294139
2262.000000 0.00293012
2264.000000 0.00292879
2266.000000 0.00291585
2268.000000 0.00290854
2270.000000 0.0029112
2272.000000 0.00290772
2274.000000 0.00289775
2276.000000 0.00289513
2278.000000 0.00287469
2280.000000 0.00287452
2282.000000 0.00286641
2284.000000 0.00284981
2286.000000 0.00284869
2288.000000 0.00283489
2290.000000 0.00281945
2292.000000 0.00280441
2294.000000 0.00280295
2296.000000 0.00278348
2298.000000 0.00276574
2300.000000 0.00276173
2302.000000 0.00274166
2304.000000 0.00272314
2306.000000 0.00271069
2308.000000 0.00269756
2310.000000 0.00268826
2312.000000 0.00267834
2314.000000 0.00264306
2316.000000 0.00263479
2318.000000 0.00261912
2320.000000 0.0025992
2322.000000 0.00257235
2324.000000 0.00255114
2326.000000 0.00253973
2328.000000 0.00251939
2330.000000 0.00250446
2332.000000 0.00247404
2334.000000 0.00245794
2336.000000 0.00242758
2338.000000 0.00241468
2340.000000 0.00238978
2342.000000 0.0023666
2344.000000 0.00234619
2346.000000 0.00231226
2348.000000 0.00229826
2350.000000 0.00226719
2352.000000 0.00224346
2354.000000 0.0022127
2356.000000 0.00219756
2358.000000 0.0021693
2360.000000 0.00214727
2362.000000 0.00211508
2364.000000 0.0020926
2366.000000 0.00206136
2368.000000 0.00203687
2370.000000 0.00201163
2372.000000 0.00198819
2374.000000 0.00196054
2376.000000 0.00193066
2378.000000 0.00190234
2380.000000 0.00187743
2382.000000 0.00184874
2384.000000 0.00182083
2386.000000 0.00179227
2388.000000 0.00176904
2390.000000 0.00173779
2392.000000 0.00171322
2394.000000 0.00168397
2396.000000 0.00165632
2398.000000 0.00162872
2400.000000 0.00160469
2402.000000 0.00158266
2404.000000 0.00154889
2406.000000 0.00152894
2408.000000 0.00149404
2410.000000 0.00147069
2412.000000 0.00144661
2414.000000 0.00142044
2416.000000 0.00139425
2418.000000 0.00136961
2420.000000 0.0013396
2422.000000 0.00131952
2424.000000 0.00129497
2426.000000 0.00127547
2428.000000 0.00124997
2430.000000 0.00122631
2432.000000 0.00120362
2434.000000 0.00118033
2436.000000 0.00115244
2438.000000 0.00113642
2440.000000 0.00111324
2442.000000 0.00108737
2444.000000 0.00107045
2446.000000 0.0010466
2448.000000 0.00102734
2450.000000 0.00100513
2452.000000 0.000990112
2454.000000 0.000962049
2456.000000 0.000945348
2458.000000 0.000929044
2460.000000 0.000910701
2462.000000 0.000889907
2464.000000 0.000872115
2466.000000 0.000861358
2468.000000 0.000838243
2470.000000 0.000813329
2480.000000 0.000740884
2490.000000 0.00066374
2500.000000 0.000604058
2510.000000 0.000540742
2520.000000 0.0004921
2530.000000 0.000441207
2537.000000 0.000413538
2540.000000 0.000400504
2550.000000 0.000356235
2560.000000 0.000322523
2570.000000 0.000287622
2580.000000 0.000260465
2590.000000 0.000233036
2600.000000 0.000212069
2610.000000 0.000190324
2620.000000 0.000173699
2630.000000 0.000156442
2640.000000 0.000143094
2650.000000 0.000129686
2660.000000 0.000119141
2670.000000 0.000108271
2680.000000 9.98182e-05
2690.000000 9.09327e-05
2700.000000 8.41102e-05
2710.000000 7.74724e-05
2720.000000 7.23577e-05
2730.000000 6.67678e-05
2740.000000 6.25189e-05
2750.000000 5.79603e-05
2760.000000 5.39249e-05
2770.000000 4.97126e-05
2780.000000 4.62604e-05
2790.000000 4.28219e-05
2800.000000 4.00755e-05
2810.000000 3.71601e-05
2820.000000 3.48314e-05
2830.000000 3.23356e-05
2840.000000 3.02822e-05
2850.000000 2.83299e-05
2860.000000 2.6673e-05
2870.000000 2.4892e-05
2880.000000 2.34847e-05
2890.000000 2.19939e-05
2900.000000 2.0842e-05
2910.000000 1.93948e-05
2920.000000 1.83026e-05
2930.000000 1.7068e-05
2940.000000 1.60703e-05
2950.000000 1.50446e-05
2960.000000 1.42142e-05
2970.000000 1.33549e-05
2980.000000 1.26511e-05
2990.000000 1.19171e-05
3000.000000 1.1227e-05
3010.000000 1.058e-05
3020.000000 1.00477e-05
3030.000000 9.48484e-06
3040.000000 9.03439e-06
3050.000000 8.51797e-06
3060.000000 8.0772e-06
3070.000000 7.67612e-06
3080.000000 7.24476e-06
3090.000000 6.95577e-06
3100.000000 6.56724e-06
3110.000000 6.36151e-06
3120.000000 6.04961e-06
3130.000000 5.8384e-06
3140.000000 5.62454e-06
3150.000000 5.44349e-06
3160.000000 5.29545e-06
3170.000000 5.07468e-06
3180.000000 4.88692e-06
3190.000000 4.73304e-06
3200.000000 4.57724e-06
3210.000000 4.41965e-06
3220.000000 4.26042e-06
3230.000000 4.17245e-06
3240.000000 4.00986e-06
3250.000000 3.91954e-06
3260.000000 3.7537e-06
3270.000000 3.62339e-06
3280.000000 3.52929e-06
3290.000000 3.434e-06
3300.000000 3.2998e-06
3310.000000 3.20224e-06
3320.000000 3.1419e-06
3330.000000 3.04233e-06
3340.000000 2.94175e-06
3350.000000 2.87895e-06
3360.000000 2.73722e-06
3370.000000 2.71186e-06
3380.000000 2.60723e-06
3390.000000 2.58087e-06
3400.000000 2.43452e-06
3410.000000 2.36681e-06
3420.000000 2.29833e-06
3430.000000 2.22916e-06
3440.000000 2.15928e-06
3450.000000 2.0886e-06
3460.000000 2.05836e-06
3470.000000 1.98637e-06
3480.000000 1.91363e-06
3490.000000 1.88194e-06
3500.000000 1.84988e-06
3510.000000 1.77521e-06
3520.000000 1.74225e-06
3530.000000 1.70888e-06
3540.000000 1.6752e-06
3550.000000 1.59788e-06
3560.000000 1.56314e-06
3570.000000 1.52802e-06
3580.000000 1.49246e-06
3590.000000 1.45651e-06
3600.000000 1.42012e-06
3610.000000 1.38333e-06
3620.000000 1.34604e-06
3630.000000 1.30837e-06
3640.000000 1.27021e-06
3650.000000 1.23157e-06
3660.000000 1.23837e-06
3670.000000 1.15295e-06
3680.000000 1.1593e-06
3690.000000 1.11905e-06
3700.000000 1.07831e-06
3710.000000 1.03708e-06
3720.000000 1.04276e-06
3730.000000 1.0008e-06
3740.000000 1.00626e-06
3750.000000 9.63556e-07
3760.000000 9.68792e-07
3770.000000 9.25314e-07
3780.000000 8.81357e-07
3790.000000 8.86087e-07
3800.000000 8.41316e-07
3810.000000 8.45811e-07
3820.000000 8.00276e-07
3830.000000 8.0448e-07
3840.000000 7.58153e-07
3850.000000 7.62114e-07
3860.000000 7.66061e-07
3870.000000 7.18661e-07
3880.000000 7.22338e-07
3890.000000 6.74145e-07
3900.000000 6.77551e-07
3910.000000 6.80943e-07
3920.000000 6.31679e-07
3930.000000 6.34779e-07
3940.000000 6.37882e-07
