4950.000000 2.34665e-05
4952.000000 3.28364e-05
4954.000000 3.48279e-05
4956.000000 4.03891e-05
4958.000000 5.15877e-05
4960.000000 5.73079e-05
4962.000000 6.8477e-05
4964.000000 7.76247e-05
4966.000000 9.2804e-05
4968.000000 0.000111265
4970.000000 0.000124565
4972.000000 0.000150879
4974.000000 0.000173619
4976.000000 0.000199885
4978.000000 0.000232317
4980.000000 0.000273662
4982.000000 0.00031559
4984.000000 0.000359043
4986.000000 0.000418168
4988.000000 0.000477171
4990.000000 0.000540114
4992.000000 0.00062812
4994.000000 0.000704327
4996.000000 0.000803897
4998.000000 0.000913429
5000.000000 0.00102116
5002.000000 0.00115437
5004.000000 0.00131093
5006.000000 0.00145651
5008.000000 0.00162555
5010.000000 0.00181144
5012.000000 0.00202002
5014.000000 0.00225045
5016.000000 0.002498
5018.000000 0.00275986
5020.000000 0.00303705
5022.000000 0.00334033
5024.000000 0.00367173
5026.000000 0.00401391
5028.000000 0.00440097
5030.000000 0.0048029
5032.000000 0.00521974
5034.000000 0.00567798
5036.000000 0.00615137
5038.000000 0.00664291
5040.000000 0.00718906
5042.000000 0.0077143
5044.000000 0.00830131
5046.000000 0.00889805
5048.000000 0.00953125
5050.000000 0.0101634
5052.000000 0.0108441
5054.000000 0.0115468
5056.000000 0.0122516
5058.000000 0.0130283
5060.000000 0.0136976
5062.000000 0.014549
5064.000000 0.0153328
5066.000000 0.0161692
5068.000000 0.0170383
5070.000000 0.01791
5072.000000 0.0188045
5074.000000 0.0197521
5076.000000 0.0206722
5078.000000 0.0216255
5080.000000 0.0225614
5082.000000 0.0235405
5084.000000 0.0245429
5086.000000 0.025538
5088.000000 0.0265259
5090.000000 0.0275882
5092.000000 0.0286128
5094.000000 0.0296507
5096.000000 0.0306506
5098.000000 0.0317048
5100.000000 0.0327312
5102.000000 0.0337606
5104.000000 0.0348755
5106.000000 0.0358386
5108.000000 0.0369287
5110.000000 0.0379182
5112.000000 0.0389625
5114.000000 0.0400722
5116.000000 0.0410705
5118.000000 0.0421237
5120.000000 0.0431695
5122.000000 0.0441868
5124.000000 0.0452804
5126.000000 0.0462615
5128.000000 0.0472664
5130.000000 0.0483058
5132.000000 0.0492316
5134.000000 0.0502868
5136.000000 0.051218
5138.000000 0.052194
5140.000000 0.0531728
5142.000000 0.0540907
5144.000000 0.0550643
5146.000000 0.0559767
5148.000000 0.0569022
5150.000000 0.0578515
5152.000000 0.0587285
5154.000000 0.0596292
5156.000000 0.0605538
5158.000000 0.0613411
5160.000000 0.0622059
5162.000000 0.0630513
5164.000000 0.0639421
5166.000000 0.0647379
5168.000000 0.0655033
5170.000000 0.0663357
5172.000000 0.0671377
5174.000000 0.0679961
5176.000000 0.0686934
5178.000000 0.0694796
5180.000000 0.0701368
5182.000000 0.0709374
5184.000000 0.0716194
5186.000000 0.0724457
5188.000000 0.0731094
5190.000000 0.0737966
5192.000000 0.074497
5194.000000 0.0752762
5196.000000 0.0758696
5198.000000 0.0765529
5200.000000 0.0772268
5202.000000 0.0778464
5204.000000 0.0785118
5206.000000 0.0791232
5208.000000 0.0797584
5210.000000 0.0804173
5212.000000 0.0809441
5214.000000 0.0815728
5216.000000 0.0821245
5218.000000 0.0827224
5220.000000 0.0832429
5222.000000 0.0838429
5224.000000 0.0843766
5226.000000 0.0850131
5228.000000 0.0855267
5230.000000 0.0860981
5232.000000 0.08658
5234.000000 0.087165
5236.000000 0.0875923
5238.000000 0.0880773
5240.000000 0.0886773
5242.000000 0.0891417
5244.000000 0.0896641
5246.000000 0.0900618
5248.000000 0.0905176
5250.000000 0.0910546
5252.000000 0.0914898
5254.000000 0.09188
5256.000000 0.0923745
5258.000000 0.092847
5260.000000 0.0932628
5262.000000 0.0936203
5264.000000 0.0940595
5266.000000 0.094488
5268.000000 0.0949405
5270.000000 0.0953475
5272.000000 0.0956393
5274.000000 0.0960948
5276.000000 0.0963527
5278.000000 0.0967746
5280.000000 0.0971974
5282.000000 0.0974685
5284.000000 0.0978692
5286.000000 0.0982941
5288.000000 0.0984255
5290.000000 0.0989577
5292.000000 0.0992071
5294.000000 0.0994096
5296.000000 0.0998489
5298.000000 0.100076
5300.000000 0.100398
5302.000000 0.100744
5304.000000 0.101055
5306.000000 0.101284
5308.000000 0.101548
5310.000000 0.101777
5312.000000 0.102031
5314.000000 0.102296
5316.000000 0.102515
5318.000000 0.102914
5320.000000 0.103084
5322.000000 0.103206
5324.000000 0.103593
5326.000000 0.103618
5328.000000 0.10397
5330.000000 0.104165
5332.000000 0.104348
5334.000000 0.104604
5336.000000 0.104764
5338.000000 0.104947
5340.000000 0.105107
5342.000000 0.105328
5344.000000 0.105439
5346.000000 0.105684
5348.000000 0.105869
5350.000000 0.106029
5352.000000 0.106115
5354.000000 0.106336
5356.000000 0.106372
5358.000000 0.106606
5360.000000 0.10684
5362.000000 0.106962
5364.000000 0.107036
5366.000000 0.107233
5368.000000 0.107294
5370.000000 0.107342
5372.000000 0.107452
5374.000000 0.107735
5376.000000 0.107808
5378.000000 0.107792
5380.000000 0.108126
5382.000000 0.108174
5384.000000 0.108334
5386.000000 0.108369
5388.000000 0.108504
5390.000000 0.108777
5392.000000 0.108799
5394.000000 0.108946
5396.000000 0.10903
5398.000000 0.109152
5400.000000 0.109387
5402.000000 0.109395
5404.000000 0.109479
5406.000000 0.109676
5408.000000 0.109887
5410.000000 0.109792
5412.000000 0.109978
5414.000000 0.110035
5416.000000 0.110195
5418.000000 0.110317
5420.000000 0.110515
5422.000000 0.110456
5424.000000 0.110718
5426.000000 0.110774
5428.000000 0.110882
5430.000000 0.111028
5432.000000 0.11111
5434.000000 0.111128
5436.000000 0.111351
5438.000000 0.111368
5440.000000 0.111527
5442.000000 0.111596
5444.000000 0.111794
5446.000000 0.11168
5448.000000 0.111969
5450.000000 0.11209
5452.000000 0.112196
5454.000000 0.112407
5456.000000 0.112408
5458.000000 0.112502
5460.000000 0.112581
5462.000000 0.112648
5464.000000 0.112886
5466.000000 0.112952
5468.000000 0.113019
5470.000000 0.113217
5472.000000 0.113441
5474.000000 0.113321
5476.000000 0.113545
5478.000000 0.113584
5480.000000 0.113609
5482.000000 0.113807
5484.000000 0.113952
5486.000000 0.114043
5488.000000 0.113988
5490.000000 0.114292
5492.000000 0.114277
5494.000000 0.114194
5496.000000 0.114485
5498.000000 0.114576
5500.000000 0.114627
5502.000000 0.114654
5504.000000 0.114857
5506.000000 0.114911
5508.000000 0.114776
5510.000000 0.11487
5512.000000 0.115018
5514.000000 0.115058
5516.000000 0.115166
5518.000000 0.115205
5520.000000 0.11534
5522.000000 0.115189
5524.000000 0.115337
5526.000000 0.115444
5528.000000 0.115387
5530.000000 0.115535
5532.000000 0.115559
5534.000000 0.115514
5536.000000 0.115675
5538.000000 0.115547
5540.000000 0.115598
5542.000000 0.11573
5544.000000 0.115848
5546.000000 0.115774
5548.000000 0.115658
5550.000000 0.115817
5552.000000 0.115687
5554.000000 0.11575
5556.000000 0.115841
5558.000000 0.115903
5560.000000 0.115924
5562.000000 0.11582
5564.000000 0.115895
5566.000000 0.115915
5568.000000 0.115767
5570.000000 0.115786
5572.000000 0.115638
5574.000000 0.115851
5576.000000 0.115716
5578.000000 0.115706
5580.000000 0.115654
5582.000000 0.115643
5584.000000 0.11566
5586.000000 0.115606
5588.000000 0.115608
5590.000000 0.115609
5592.000000 0.115583
5594.000000 0.115556
5596.000000 0.115585
5598.000000 0.115515
5600.000000 0.115459
5602.000000 0.115425
5604.000000 0.115335
5606.000000 0.115159
5608.000000 0.115153
5610.000000 0.115048
5612.000000 0.114914
5614.000000 0.11478
5616.000000 0.114816
5618.000000 0.114752
5620.000000 0.114561
5622.000000 0.114439
5624.000000 0.114389
5626.000000 0.114295
5628.000000 0.114173
5630.000000 0.114023
5632.000000 0.113801
5634.000000 0.113792
5636.000000 0.113683
5638.000000 0.113546
5640.000000 0.113337
5642.000000 0.113413
5644.000000 0.113247
5646.000000 0.113194
5648.000000 0.112898
5650.000000 0.11296
5652.000000 0.112778
5654.000000 0.112481
5656.000000 0.112542
5658.000000 0.112302
5660.000000 0.11222
5662.000000 0.112094
5664.000000 0.111982
5666.000000 0.111871
5668.000000 0.111644
5670.000000 0.111589
5672.000000 0.111404
5674.000000 0.111204
5676.000000 0.111177
5678.000000 0.111005
5680.000000 0.11079
5682.000000 0.110647
5684.000000 0.110388
5686.000000 0.110374
5688.000000 0.110042
5690.000000 0.109985
5692.000000 0.109681
5694.000000 0.109595
5696.000000 0.109392
5698.000000 0.109072
5700.000000 0.109391
5702.000000 0.109173
5704.000000 0.108998
5706.000000 0.108896
5708.000000 0.108546
5710.000000 0.108283
5712.000000 0.108093
5714.000000 0.107771
5716.000000 0.107594
5718.000000 0.107199
5720.000000 0.106803
5722.000000 0.106538
5724.000000 0.106214
5726.000000 0.105962
5728.000000 0.105623
5730.000000 0.105181
5732.000000 0.104782
5734.000000 0.104383
5736.000000 0.103954
5738.000000 0.103553
5740.000000 0.102977
5742.000000 0.102487
5744.000000 0.101981
5746.000000 0.101432
5748.000000 0.100793
5750.000000 0.100139
5752.000000 0.0995139
5754.000000 0.0987853
5756.000000 0.0978645
5758.000000 0.0972815
5760.000000 0.096462
5762.000000 0.0954205
5764.000000 0.0947171
5766.000000 0.0937767
5768.000000 0.092732
5770.000000 0.0917156
5772.000000 0.0905054
5774.000000 0.089427
5776.000000 0.0882439
5778.000000 0.0869411
5780.000000 0.0856961
5782.000000 0.0843614
5784.000000 0.0828622
5786.000000 0.0815691
5788.000000 0.0800817
5790.000000 0.0786224
5792.000000 0.0771462
5794.000000 0.0754901
5796.000000 0.0738026
5798.000000 0.0721877
5800.000000 0.0705563
5802.000000 0.0687448
5804.000000 0.0670656
5806.000000 0.0654145
5808.000000 0.0634931
5810.000000 0.0617638
5812.000000 0.0600174
5814.000000 0.0581945
5816.000000 0.0564296
5818.000000 0.0545881
5820.000000 0.0528196
5822.000000 0.0511244
5824.000000 0.0493076
5826.000000 0.047609
5828.000000 0.0458786
5830.000000 0.0441464
5832.000000 0.0425173
5834.000000 0.0408565
5836.000000 0.0392541
5838.000000 0.0377253
5840.000000 0.03621
5842.000000 0.0347536
5844.000000 0.0332656
5846.000000 0.0319568
5848.000000 0.0305412
5850.000000 0.0292599
5852.000000 0.0280073
5854.000000 0.026693
5856.000000 0.0255436
5858.000000 0.0244383
5860.000000 0.0233773
5862.000000 0.0223456
5864.000000 0.0212977
5866.000000 0.0203245
5868.000000 0.0193957
5870.000000 0.0184811
5872.000000 0.0176566
5874.000000 0.0168312
5876.000000 0.0160506
5878.000000 0.0152843
5880.000000 0.0145856
5882.000000 0.0139227
5884.000000 0.0132546
5886.000000 0.0126269
5888.000000 0.0120579
5890.000000 0.0114944
5892.000000 0.0109426
5894.000000 0.0104253
5896.000000 0.00991047
5898.000000 0.00946533
5900.000000 0.00903044
5902.000000 0.00859359
5904.000000 0.00818991
5906.000000 0.00783169
5908.000000 0.00743795
5910.000000 0.00710195
5912.000000 0.00677179
5914.000000 0.00646886
5916.000000 0.00618554
5918.000000 0.00589735
5920.000000 0.00563188
5922.000000 0.00538452
5924.000000 0.00514152
5926.000000 0.00492593
5928.000000 0.00470705
5930.000000 0.0044726
5932.000000 0.00426408
5934.000000 0.00407998
5936.000000 0.00389262
5938.000000 0.00370816
5940.000000 0.0038486
5950.000000 0.00304393
5960.000000 0.00249388
5970.000000 0.001994
5980.000000 0.00164562
5990.000000 0.00132633
6000.000000 0.0011038
6010.000000 0.000897965
6020.000000 0.000752848
6030.000000 0.000618419
6040.000000 0.000521921
6050.000000 0.000431616
6060.000000 0.00036694
6070.000000 0.000306279
6080.000000 0.000262353
6090.000000 0.000220588
6100.000000 0.000189928
6110.000000 0.000160971
6120.000000 0.000139745
6130.000000 0.000119117
6140.000000 0.00010394
6150.000000 8.92098e-05
6160.000000 7.83484e-05
6170.000000 6.77152e-05
6180.000000 5.97169e-05
6190.000000 5.18389e-05
6200.000000 4.58756e-05
6210.000000 4.00342e-05
6220.000000 3.56997e-05
6230.000000 3.13004e-05
6240.000000 2.79689e-05
6250.000000 2.46992e-05
