6830.000000 2.43549e-05
6840.000000 3.79567e-05
6850.000000 5.53465e-05
6860.000000 8.49752e-05
6870.000000 0.000121737
6880.000000 0.000182322
6890.000000 0.000250033
6900.000000 0.00032964
6910.000000 0.000408729
6920.000000 0.000487324
6922.000000 0.000519924
6924.000000 0.000560483
6926.000000 0.000600735
6928.000000 0.000645882
6930.000000 0.000688437
6932.000000 0.000736009
6934.000000 0.000791115
6936.000000 0.000846152
6938.000000 0.000903647
6940.000000 0.00096625
6942.000000 0.00103622
6944.000000 0.0011037
6946.000000 0.00117828
6948.000000 0.0012602
6950.000000 0.00134252
6952.000000 0.00143732
6954.000000 0.001532
6956.000000 0.00163159
6958.000000 0.00174235
6960.000000 0.00185674
6962.000000 0.00197853
6964.000000 0.0021152
6966.000000 0.00225296
6968.000000 0.00240681
6970.000000 0.00256048
6972.000000 0.00272896
6974.000000 0.00290347
6976.000000 0.003094
6978.000000 0.00329428
6980.000000 0.00351051
6982.000000 0.00373895
6984.000000 0.00398079
6986.000000 0.00424226
6988.000000 0.0045121
6990.000000 0.00479776
6992.000000 0.00510667
6994.000000 0.00542761
6996.000000 0.00576925
6998.000000 0.00612905
7000.000000 0.00652063
7002.000000 0.00693677
7004.000000 0.00737686
7006.000000 0.0078433
7008.000000 0.00834589
7010.000000 0.00886726
7012.000000 0.00941223
7014.000000 0.00999309
7016.000000 0.010622
7018.000000 0.011283
7020.000000 0.011988
7022.000000 0.0127335
7024.000000 0.0135058
7026.000000 0.0143378
7028.000000 0.0152415
7030.000000 0.016168
7032.000000 0.0171539
7034.000000 0.0181867
7036.000000 0.0192784
7038.000000 0.0204289
7040.000000 0.021638
7042.000000 0.0229298
7044.000000 0.0242676
7046.000000 0.0256513
7048.000000 0.027093
7050.000000 0.0285924
7052.000000 0.0301737
7054.000000 0.0318125
7056.000000 0.0335326
7058.000000 0.0353096
7060.000000 0.0371435
7062.000000 0.0390221
7064.000000 0.0409331
7066.000000 0.0429245
7068.000000 0.0449601
7070.000000 0.0470277
7072.000000 0.0491513
7074.000000 0.0513426
7076.000000 0.0535536
7078.000000 0.0557603
7080.000000 0.0579747
7082.000000 0.0602206
7084.000000 0.062486
7086.000000 0.0647469
7088.000000 0.0669441
7090.000000 0.0691607
7092.000000 0.0713142
7094.000000 0.0734161
7096.000000 0.0754666
7098.000000 0.0775012
7100.000000 0.0794492
7102.000000 0.0813462
7104.000000 0.0831568
7106.000000 0.0848815
7108.000000 0.0865321
7110.000000 0.0880971
7112.000000 0.089565
7114.000000 0.0908891
7116.000000 0.0921989
7118.000000 0.0934123
7120.000000 0.0945647
7122.000000 0.0956565
7124.000000 0.0966174
7126.000000 0.0975414
7128.000000 0.0983819
7130.000000 0.0991391
7132.000000 0.0998254
7134.000000 0.100464
7136.000000 0.101054
7138.000000 0.101539
7140.000000 0.102
7142.000000 0.102378
7144.000000 0.102744
7146.000000 0.103027
7148.000000 0.10331
7150.000000 0.103558
7152.000000 0.103771
7154.000000 0.103938
7156.000000 0.104081
7158.000000 0.104247
7160.000000 0.104367
7162.000000 0.104451
7164.000000 0.104513
7166.000000 0.104574
7168.000000 0.104612
7170.000000 0.104684
7172.000000 0.104722
7174.000000 0.104749
7176.000000 0.104787
7178.000000 0.104825
7180.000000 0.104828
7182.000000 0.104819
7184.000000 0.104833
7186.000000 0.104847
7188.000000 0.104827
7190.000000 0.10484
7192.000000 0.104854
7194.000000 0.104857
7196.000000 0.104893
7198.000000 0.104918
7200.000000 0.104942
7202.000000 0.104978
7204.000000 0.105002
7206.000000 0.105038
7208.000000 0.10505
7210.000000 0.105074
7212.000000 0.105075
7214.000000 0.10511
7216.000000 0.105145
7218.000000 0.105145
7220.000000 0.105168
7222.000000 0.105203
7224.000000 0.105226
7226.000000 0.105283
7228.000000 0.105339
7230.000000 0.105362
7232.000000 0.105395
7234.000000 0.105406
7236.000000 0.105427
7238.000000 0.105471
7240.000000 0.105503
7242.000000 0.105525
7244.000000 0.105536
7246.000000 0.105557
7248.000000 0.105556
7250.000000 0.105533
7252.000000 0.105543
7254.000000 0.105553
7256.000000 0.105552
7258.000000 0.10554
7260.000000 0.10556
7262.000000 0.105526
7264.000000 0.105513
7266.000000 0.1055
7268.000000 0.105444
7270.000000 0.105398
7272.000000 0.105375
7274.000000 0.105352
7276.000000 0.105274
7278.000000 0.105207
7280.000000 0.10514
7282.000000 0.105095
7284.000000 0.105027
7286.000000 0.104949
7288.000000 0.104882
7290.000000 0.104803
7292.000000 0.104683
7294.000000 0.104562
7296.000000 0.104463
7298.000000 0.104321
7300.000000 0.104179
7302.000000 0.104081
7304.000000 0.103971
7306.000000 0.103851
7308.000000 0.103731
7310.000000 0.103558
7312.000000 0.103418
7314.000000 0.103256
7316.000000 0.103084
7318.000000 0.102955
7320.000000 0.102794
7322.000000 0.102643
7324.000000 0.102461
7326.000000 0.102278
7328.000000 0.102096
7330.000000 0.101957
7332.000000 0.101786
7334.000000 0.101616
7336.000000 0.101425
7338.000000 0.101213
7340.000000 0.10099
7342.000000 0.1008
7344.000000 0.10062
7346.000000 0.100452
7348.000000 0.100293
7350.000000 0.100104
7352.000000 0.0999252
7354.000000 0.0997361
7356.000000 0.0995264
7358.000000 0.0993379
7360.000000 0.0991496
7362.000000 0.0989414
7364.000000 0.0987542
7366.000000 0.0985569
7368.000000 0.098339
7370.000000 0.0981422
7372.000000 0.0979763
7374.000000 0.0978002
7376.000000 0.0976035
7378.000000 0.0974589
7380.000000 0.0972523
7382.000000 0.0970881
7384.000000 0.0969137
7386.000000 0.0967498
7388.000000 0.0965655
7390.000000 0.096402
7392.000000 0.0962182
7394.000000 0.0960449
7396.000000 0.0958719
7398.000000 0.0957195
7400.000000 0.0955365
7402.000000 0.0953954
7404.000000 0.0952442
7406.000000 0.0951034
7408.000000 0.0949729
7410.000000 0.0948018
7412.000000 0.0946609
7414.000000 0.09451
7416.000000 0.0943592
7418.000000 0.0941985
7420.000000 0.0940684
7422.000000 0.0939594
7424.000000 0.0938504
7426.000000 0.0937112
7428.000000 0.0936024
7430.000000 0.0934634
7432.000000 0.0933555
7434.000000 0.0932376
7436.000000 0.09314
7438.000000 0.0930424
7440.000000 0.0929449
7442.000000 0.092847
7444.000000 0.092749
7446.000000 0.0926312
7448.000000 0.0925434
7450.000000 0.0924658
7452.000000 0.0923588
7454.000000 0.0923018
7456.000000 0.0922249
7458.000000 0.0921281
7460.000000 0.0920512
7462.000000 0.0919645
7464.000000 0.0918878
7466.000000 0.091821
7468.000000 0.0917642
7470.000000 0.0916974
7472.000000 0.0916307
7474.000000 0.0915839
7476.000000 0.0915271
7478.000000 0.0914604
7480.000000 0.0914036
7482.000000 0.0913765
7484.000000 0.0913296
7486.000000 0.0912629
7488.000000 0.0912455
7490.000000 0.0912083
7492.000000 0.0911619
7494.000000 0.0911154
7496.000000 0.0910592
7498.000000 0.0909931
7500.000000 0.0909661
7502.000000 0.0909102
7504.000000 0.0908836
7506.000000 0.0908764
7508.000000 0.0908204
7510.000000 0.0908033
7512.000000 0.0907862
7514.000000 0.090769
7516.000000 0.0907322
7518.000000 0.0907149
7520.000000 0.0906683
7522.000000 0.0906508
7524.000000 0.0906526
7526.000000 0.0906349
7528.000000 0.0906074
7530.000000 0.0905992
7532.000000 0.0905717
7534.000000 0.0905441
7536.000000 0.0904972
7538.000000 0.0904598
7540.000000 0.0903936
7542.000000 0.0903754
7544.000000 0.0903475
7546.000000 0.0903195
7548.000000 0.0903106
7550.000000 0.0903111
7552.000000 0.0902734
7554.000000 0.0902547
7556.000000 0.090274
7558.000000 0.090236
7560.000000 0.090198
7562.000000 0.090198
7564.000000 0.0901598
7566.000000 0.0901311
7568.000000 0.0901024
7570.000000 0.0901019
7572.000000 0.0901203
7574.000000 0.0901007
7576.000000 0.0900717
7578.000000 0.0899859
7580.000000 0.0899568
7582.000000 0.0899182
7584.000000 0.0898796
7586.000000 0.0898315
7588.000000 0.0898021
7590.000000 0.0897821
7592.000000 0.089762
7594.000000 0.0897231
7596.000000 0.0896748
7598.000000 0.0896265
7600.000000 0.0896061
7602.000000 0.0895671
7604.000000 0.0895279
7606.000000 0.0894794
7608.000000 0.0894402
7610.000000 0.0894195
7612.000000 0.0893617
7614.000000 0.0893409
7616.000000 0.0893015
7618.000000 0.0892528
7620.000000 0.089241
7622.000000 0.089183
7624.000000 0.0891435
7626.000000 0.0891039
7628.000000 0.0890643
7630.000000 0.088997
7632.000000 0.0889573
7634.000000 0.0888809
7636.000000 0.0888228
7638.000000 0.0888014
7640.000000 0.0887433
7642.000000 0.0887035
7644.000000 0.0886362
7646.000000 0.0885872
7648.000000 0.088529
7650.000000 0.0884526
7652.000000 0.0883763
7654.000000 0.0883
7656.000000 0.088251
7658.000000 0.0881928
7660.000000 0.0881528
7662.000000 0.0881128
7664.000000 0.0880546
7666.000000 0.0879874
7668.000000 0.0879292
7670.000000 0.087862
7672.000000 0.0877948
7674.000000 0.0877186
7676.000000 0.0876604
7678.000000 0.0876113
7680.000000 0.0875351
7682.000000 0.0874769
7684.000000 0.0874098
7686.000000 0.0873248
7688.000000 0.0872666
7690.000000 0.0871906
7692.000000 0.0871414
7694.000000 0.0870655
7696.000000 0.0870251
7698.000000 0.0869314
7700.000000 0.0868644
7702.000000 0.0867974
7704.000000 0.0867038
7706.000000 0.0866192
7708.000000 0.0865522
7710.000000 0.0864499
7712.000000 0.0864008
7714.000000 0.0863251
7716.000000 0.0862407
7718.000000 0.0861386
7720.000000 0.0860807
7722.000000 0.086014
7724.000000 0.0859209
7726.000000 0.0858455
7728.000000 0.0857525
7730.000000 0.0856859
7732.000000 0.0856193
7734.000000 0.0855439
7736.000000 0.0854686
7738.000000 0.0854108
7740.000000 0.0853181
7742.000000 0.0852168
7744.000000 0.0851417
7746.000000 0.0850753
7748.000000 0.0850002
7750.000000 0.0849252
7752.000000 0.0848415
7754.000000 0.0847406
7756.000000 0.0846484
7758.000000 0.0845562
7760.000000 0.0844727
7762.000000 0.0843894
7764.000000 0.0842974
7766.000000 0.0842142
7768.000000 0.0841137
7770.000000 0.0840392
7772.000000 0.0839904
7774.000000 0.0838987
7776.000000 0.0838328
7778.000000 0.0837583
7780.000000 0.0836582
7782.000000 0.0835753
7784.000000 0.0834584
7786.000000 0.0833501
7788.000000 0.0832674
7790.000000 0.0831762
7792.000000 0.0830852
7794.000000 0.0830027
7796.000000 0.0829371
7798.000000 0.0828377
7800.000000 0.08273
7802.000000 0.0826477
7804.000000 0.0825233
7806.000000 0.082458
7808.000000 0.082359
7810.000000 0.082277
7812.000000 0.0821866
7814.000000 0.0820962
7816.000000 0.0819976
7818.000000 0.0819073
7820.000000 0.0818255
7822.000000 0.0817355
7824.000000 0.0816372
7826.000000 0.0815473
7828.000000 0.0814491
7830.000000 0.081376
7832.000000 0.0812613
7834.000000 0.0811967
7836.000000 0.0811154
7838.000000 0.0810093
7840.000000 0.0809032
7842.000000 0.0807973
7844.000000 0.080675
7846.000000 0.0806024
7848.000000 0.0804885
7850.000000 0.0803995
7852.000000 0.0803105
7854.000000 0.0802052
7856.000000 0.0801246
7858.000000 0.0800441
7860.000000 0.0799964
7862.000000 0.0799078
7864.000000 0.0798111
7866.000000 0.0797226
7868.000000 0.0796178
7870.000000 0.0795131
7872.000000 0.0794086
7874.000000 0.0793123
7876.000000 0.0792079
7878.000000 0.0791361
7880.000000 0.0789913
7882.000000 0.0788872
7884.000000 0.0787914
7886.000000 0.0786957
7888.000000 0.0786
7890.000000 0.0785206
7892.000000 0.0784493
7894.000000 0.0783781
7896.000000 0.0782908
7898.000000 0.0781954
7900.000000 0.0781082
7902.000000 0.0780211
7904.000000 0.0779341
7906.000000 0.0778231
7908.000000 0.0777201
7910.000000 0.0776093
7912.000000 0.0775147
7914.000000 0.0773961
7916.000000 0.0773176
7918.000000 0.0772391
7920.000000 0.0771527
7922.000000 0.0770425
7924.000000 0.0769404
7926.000000 0.0768542
7928.000000 0.0767523
7930.000000 0.0766821
7932.000000 0.0765962
7934.000000 0.0764867
7936.000000 0.0764009
7938.000000 0.0762915
7940.000000 0.076198
7942.000000 0.076081
7944.000000 0.0760035
7946.000000 0.0758946
7948.000000 0.0757779
7950.000000 0.0757163
7952.000000 0.0756234
7954.000000 0.075554
7956.000000 0.0754847
7958.000000 0.0754076
7960.000000 0.0753227
7962.000000 0.0752458
7964.000000 0.0751689
7966.000000 0.075061
7968.000000 0.0749842
7970.000000 0.0748919
7972.000000 0.074792
7974.000000 0.0747154
7976.000000 0.0746157
7978.000000 0.0745083
7980.000000 0.0744242
7982.000000 0.0743248
7984.000000 0.0742101
7986.000000 0.0741109
7988.000000 0.0740348
7990.000000 0.0739819
7992.000000 0.073906
7994.000000 0.0738455
7996.000000 0.0737697
7998.000000 0.0736785
8000.000000 0.0734116
8002.000000 0.0733352
8004.000000 0.0732511
8006.000000 0.0731442
8008.000000 0.0729386
8010.000000 0.0728091
8012.000000 0.0726875
8014.000000 0.0726038
8016.000000 0.0725276
8018.000000 0.0724137
8020.000000 0.0722848
8022.000000 0.0721485
8024.000000 0.0720199
8026.000000 0.0719064
8028.000000 0.071853
8030.000000 0.071792
8032.000000 0.0716562
8034.000000 0.0716101
8036.000000 0.071482
8038.000000 0.0713465
8040.000000 0.0712335
8042.000000 0.0711354
8044.000000 0.07103
8046.000000 0.0709911
8048.000000 0.0709153
8050.000000 0.0708099
8052.000000 0.0707267
8054.000000 0.0706581
8056.000000 0.0705309
8058.000000 0.0704257
8060.000000 0.0702986
8062.000000 0.0701571
8064.000000 0.0700961
8066.000000 0.0700058
8068.000000 0.0699373
8070.000000 0.0698615
8072.000000 0.069793
8074.000000 0.0696738
8076.000000 0.069533
8078.000000 0.0694429
8080.000000 0.0693023
8082.000000 0.069162
8084.000000 0.0690722
8086.000000 0.069011
8088.000000 0.0689784
8090.000000 0.0689529
8092.000000 0.0688772
8094.000000 0.0687658
8096.000000 0.0686332
8098.000000 0.0685362
8100.000000 0.0684109
8102.000000 0.068307
8104.000000 0.0682102
8106.000000 0.0681347
8108.000000 0.0680592
8110.000000 0.0680048
8112.000000 0.0679081
8114.000000 0.0678045
8116.000000 0.0676798
8118.000000 0.0675693
8120.000000 0.0674799
8122.000000 0.0673625
8124.000000 0.0672872
8126.000000 0.0672048
8128.000000 0.0671224
8130.000000 0.0670331
8132.000000 0.0669646
8134.000000 0.0669099
8136.000000 0.0668482
8138.000000 0.066752
8140.000000 0.0666421
8142.000000 0.0665872
8144.000000 0.066498
8146.000000 0.0663676
8148.000000 0.0662853
8150.000000 0.0661757
8152.000000 0.0661003
8154.000000 0.0660044
8156.000000 0.0659562
8158.000000 0.0658671
8160.000000 0.0658188
8162.000000 0.0657365
8164.000000 0.0656745
8166.000000 0.0656259
8168.000000 0.0655166
8170.000000 0.0654208
8172.000000 0.0653117
8174.000000 0.0651892
8176.000000 0.0650736
8178.000000 0.0649848
8180.000000 0.0648894
8182.000000 0.064814
8184.000000 0.0647386
8186.000000 0.0647163
8188.000000 0.0646275
8190.000000 0.0645122
8192.000000 0.0644236
8194.000000 0.0643217
8196.000000 0.0641804
8198.000000 0.0640195
8200.000000 0.0639837
8202.000000 0.0639215
8204.000000 0.0638724
8206.000000 0.063797
8208.000000 0.063715
8210.000000 0.0636331
8212.000000 0.0635642
8214.000000 0.0634693
8216.000000 0.0633744
8218.000000 0.0632731
8220.000000 0.063159
8222.000000 0.0630579
8224.000000 0.0629761
8226.000000 0.0628944
8228.000000 0.0627934
8230.000000 0.0626989
8232.000000 0.0626557
8234.000000 0.0625548
8236.000000 0.0624667
8238.000000 0.0624169
8240.000000 0.0623098
8242.000000 0.0622091
8244.000000 0.0620578
8246.000000 0.0619889
8248.000000 0.0618885
8250.000000 0.0618259
8252.000000 0.061776
8254.000000 0.0617133
8256.000000 0.0616381
8258.000000 0.0615252
8260.000000 0.0614499
8262.000000 0.0613559
8264.000000 0.0612433
8266.000000 0.0611557
8268.000000 0.0610618
8270.000000 0.0609619
8272.000000 0.0608496
8274.000000 0.0607498
8276.000000 0.0606253
8278.000000 0.0605688
8280.000000 0.0604446
8282.000000 0.0603512
8284.000000 0.0602517
8286.000000 0.0601462
8288.000000 0.0600469
8290.000000 0.059966
8292.000000 0.0598668
8294.000000 0.059792
8296.000000 0.0597232
8298.000000 0.0596787
8300.000000 0.0596281
8302.000000 0.0595108
8304.000000 0.0594178
8306.000000 0.059337
8308.000000 0.0591659
8310.000000 0.0590551
8312.000000 0.0589445
8314.000000 0.0588459
8316.000000 0.0587773
8318.000000 0.0587445
8320.000000 0.058634
8322.000000 0.0585416
8324.000000 0.0584729
8326.000000 0.0583272
8328.000000 0.0581935
8330.000000 0.0580777
8332.000000 0.0579916
8334.000000 0.057929
8336.000000 0.0578722
8338.000000 0.0578095
8340.000000 0.0577468
8342.000000 0.0576547
8344.000000 0.0575336
8346.000000 0.0573951
8348.000000 0.0572685
8350.000000 0.0571536
8352.000000 0.0571202
8354.000000 0.0570983
8356.000000 0.0571053
8358.000000 0.0570717
8360.000000 0.0570263
8362.000000 0.0569868
8364.000000 0.0568893
8366.000000 0.0568612
8368.000000 0.0567753
8370.000000 0.0567067
8372.000000 0.0566899
8374.000000 0.0566672
8376.000000 0.0566675
8378.000000 0.0566504
8380.000000 0.0566619
8382.000000 0.0566561
8384.000000 0.056587
8386.000000 0.0565867
8388.000000 0.0565061
8390.000000 0.0564311
8392.000000 0.0563448
8394.000000 0.056327
8396.000000 0.0562748
8398.000000 0.0562226
8400.000000 0.0562274
8402.000000 0.0561237
8404.000000 0.0560543
8406.000000 0.0559961
8408.000000 0.0559607
8410.000000 0.0558911
8412.000000 0.0558897
8414.000000 0.0558484
8416.000000 0.055824
8418.000000 0.0557599
8420.000000 0.0557014
8422.000000 0.0556768
8424.000000 0.0556521
8426.000000 0.0556104
8428.000000 0.0556025
8430.000000 0.0555493
8432.000000 0.0554848
8434.000000 0.0554034
8436.000000 0.0553332
8438.000000 0.0552292
8440.000000 0.0552152
8442.000000 0.0552123
8444.000000 0.0552486
8446.000000 0.0551893
8448.000000 0.0551356
8450.000000 0.0550482
8452.000000 0.0549889
8454.000000 0.0548791
8456.000000 0.0548309
8458.000000 0.054777
8460.000000 0.0547565
8462.000000 0.0547248
8464.000000 0.0546428
8466.000000 0.0545776
8468.000000 0.0545624
8470.000000 0.0545414
8472.000000 0.0544705
8474.000000 0.0544161
8476.000000 0.0543672
8478.000000 0.0543127
8480.000000 0.0542748
8482.000000 0.0542534
8484.000000 0.0541987
8486.000000 0.054133
8488.000000 0.0540948
8490.000000 0.0540454
8492.000000 0.0539575
8494.000000 0.0538861
8496.000000 0.0538256
8498.000000 0.0537597
8500.000000 0.0536772
8502.000000 0.0535921
8504.000000 0.0535672
8506.000000 0.0535368
8508.000000 0.0534899
8510.000000 0.0534593
8512.000000 0.0534013
8514.000000 0.053316
8516.000000 0.0532197
8518.000000 0.0531671
8520.000000 0.0531252
8522.000000 0.0530507
8524.000000 0.0529816
8526.000000 0.052907
8528.000000 0.0528811
8530.000000 0.0528065
8532.000000 0.0526939
8534.000000 0.0526138
8536.000000 0.0526039
8538.000000 0.0525075
8540.000000 0.0524542
8542.000000 0.0523632
8544.000000 0.0522991
8546.000000 0.0522565
8548.000000 0.0521762
8550.000000 0.0520797
8552.000000 0.0519994
8554.000000 0.051903
8556.000000 0.0518494
8558.000000 0.0517798
8560.000000 0.0517635
8562.000000 0.0517257
8564.000000 0.0516398
8566.000000 0.0516019
8568.000000 0.0515266
8570.000000 0.0513929
8572.000000 0.0512964
8574.000000 0.0511946
8576.000000 0.0511458
8578.000000 0.0510917
8580.000000 0.0510058
8582.000000 0.0509304
8584.000000 0.0508551
8586.000000 0.050748
8588.000000 0.0506568
8590.000000 0.0505761
8592.000000 0.0504955
8594.000000 0.0504673
8596.000000 0.0504023
8598.000000 0.0503058
8600.000000 0.0502722
8602.000000 0.0502123
8604.000000 0.0501367
8606.000000 0.0500611
8608.000000 0.0499802
8610.000000 0.0498836
8612.000000 0.0497767
8614.000000 0.0497062
8616.000000 0.0496409
8618.000000 0.04956
8620.000000 0.0494531
8622.000000 0.0494085
8624.000000 0.0493275
8626.000000 0.049231
8628.000000 0.0491552
8630.000000 0.0490691
8632.000000 0.0489932
8634.000000 0.048938
8636.000000 0.0488467
8638.000000 0.0487965
8640.000000 0.0487103
8642.000000 0.048624
8644.000000 0.0484968
8646.000000 0.0483953
8648.000000 0.0482529
8650.000000 0.0481924
8652.000000 0.04813
8654.000000 0.048093
8656.000000 0.0480102
8658.000000 0.0479171
8660.000000 0.0477987
8662.000000 0.0477108
8664.000000 0.0476533
8666.000000 0.0475502
8668.000000 0.0474927
8670.000000 0.0473947
8672.000000 0.0473422
8674.000000 0.0472593
8676.000000 0.0471059
8678.000000 0.0469779
8680.000000 0.0469052
8682.000000 0.0468274
8684.000000 0.0467297
8686.000000 0.0466369
8688.000000 0.0465692
8690.000000 0.0465114
8692.000000 0.0464437
8694.000000 0.0463509
8696.000000 0.0462532
8698.000000 0.0461306
8700.000000 0.0460181
8702.000000 0.0458858
8704.000000 0.045833
8706.000000 0.0457404
8708.000000 0.0456776
8710.000000 0.0456048
8712.000000 0.0455222
8714.000000 0.0454247
8716.000000 0.0453372
8718.000000 0.045284
8720.000000 0.045221
8722.000000 0.0451236
8724.000000 0.0450361
8726.000000 0.0449339
8728.000000 0.0448659
8730.000000 0.0447979
8732.000000 0.0446519
8734.000000 0.0445449
8736.000000 0.0444429
8738.000000 0.0444041
8740.000000 0.0443167
8742.000000 0.0442439
8744.000000 0.0441807
8746.000000 0.0441126
8748.000000 0.0440445
8750.000000 0.043933
8752.000000 0.0438263
8754.000000 0.0437197
8756.000000 0.043642
8758.000000 0.0435691
8760.000000 0.0434914
8762.000000 0.0434424
8764.000000 0.0433599
8766.000000 0.0432582
8768.000000 0.0431757
8770.000000 0.043098
8772.000000 0.0430155
8774.000000 0.042933
8776.000000 0.04286
8778.000000 0.0427633
8780.000000 0.0426524
8782.000000 0.0425605
8784.000000 0.0424875
8786.000000 0.0424381
8788.000000 0.0423557
8790.000000 0.0422732
8792.000000 0.0421908
8794.000000 0.0420849
8796.000000 0.0420025
8798.000000 0.0419201
8800.000000 0.0418657
8802.000000 0.0417973
8804.000000 0.0417196
8806.000000 0.0416558
8808.000000 0.0415966
8810.000000 0.041542
8812.000000 0.0414363
8814.000000 0.0413399
8816.000000 0.0412714
8818.000000 0.0412028
8820.000000 0.041148
8822.000000 0.0410794
8824.000000 0.0410199
8826.000000 0.0409282
8828.000000 0.0408227
8830.000000 0.0407586
8832.000000 0.040699
8834.000000 0.0406394
8836.000000 0.0405751
8838.000000 0.0404972
8840.000000 0.0404146
8842.000000 0.0403776
8844.000000 0.0403359
8846.000000 0.0402578
8848.000000 0.040225
8850.000000 0.0401604
8852.000000 0.0400596
8854.000000 0.0399589
8856.000000 0.0398943
8858.000000 0.0398431
8860.000000 0.0398143
8862.000000 0.0397899
8864.000000 0.0397294
8866.000000 0.0396868
8868.000000 0.0396129
8870.000000 0.0395255
8872.000000 0.0394471
8874.000000 0.0393598
8876.000000 0.0392903
8878.000000 0.039234
8880.000000 0.0391954
8882.000000 0.0391523
8884.000000 0.0390825
8886.000000 0.0390392
8888.000000 0.0389693
8890.000000 0.0389126
8892.000000 0.0388296
8894.000000 0.0387553
8896.000000 0.0387335
8898.000000 0.0387115
8900.000000 0.0386806
8902.000000 0.0386408
8904.000000 0.0385749
8906.000000 0.0385437
8908.000000 0.0385166
8910.000000 0.0384677
8912.000000 0.0384058
8914.000000 0.0383266
8916.000000 0.0382559
8918.000000 0.0381466
8920.000000 0.0380802
8922.000000 0.0380654
8924.000000 0.0380674
8926.000000 0.0380478
8928.000000 0.0380153
8930.000000 0.0379911
8932.000000 0.0379284
8934.000000 0.0378317
8936.000000 0.0377901
8938.000000 0.037757
8940.000000 0.0377194
8942.000000 0.0376649
8944.000000 0.0375976
8946.000000 0.0375513
8948.000000 0.0375175
8950.000000 0.0374752
8952.000000 0.0374398
8954.000000 0.0374084
8956.000000 0.0373728
8958.000000 0.0373077
8960.000000 0.0372385
8962.000000 0.0371983
8964.000000 0.0371829
8966.000000 0.0371631
8968.000000 0.0371515
8970.000000 0.0370982
8972.000000 0.0370491
8974.000000 0.0369833
8976.000000 0.0369216
8978.000000 0.0368763
8980.000000 0.0368226
8982.000000 0.0368343
8984.000000 0.0368293
8986.000000 0.036763
8988.000000 0.0367129
8990.000000 0.0366545
8992.000000 0.0366001
8994.000000 0.0365376
8996.000000 0.0365154
8998.000000 0.0365172
9000.000000 0.0365307
9002.000000 0.0365048
9004.000000 0.0364788
9006.000000 0.0364285
9008.000000 0.0363941
9010.000000 0.0363277
9012.000000 0.0362811
9014.000000 0.0362783
9016.000000 0.0362911
9018.000000 0.0362956
9020.000000 0.0362841
9022.000000 0.0362328
9024.000000 0.0361814
9026.000000 0.0361102
9028.000000 0.0360902
9030.000000 0.0360817
9032.000000 0.0360848
9034.000000 0.0360602
9036.000000 0.0360433
9038.000000 0.0360105
9040.000000 0.0359542
9042.000000 0.0358706
9044.000000 0.0358336
9046.000000 0.0357965
9048.000000 0.0357863
9050.000000 0.0357836
9052.000000 0.035746
9054.000000 0.0357005
9056.000000 0.0356626
9058.000000 0.0356322
9060.000000 0.0355786
9062.000000 0.0355135
9064.000000 0.0355133
9066.000000 0.0355052
9068.000000 0.0354663
9070.000000 0.0354502
9072.000000 0.0354338
9074.000000 0.0354134
9076.000000 0.0353814
9078.000000 0.0353644
9080.000000 0.0353208
9082.000000 0.0352771
9084.000000 0.0352069
9086.000000 0.0351705
9088.000000 0.0351226
9090.000000 0.0351381
9092.000000 0.035116
9094.000000 0.0350826
9096.000000 0.0350972
9098.000000 0.0350818
9100.000000 0.0350329
9102.000000 0.0349839
9104.000000 0.0349237
9106.000000 0.0348856
9108.000000 0.0348656
9110.000000 0.034838
9112.000000 0.0347957
9114.000000 0.0347349
9116.000000 0.0346922
9118.000000 0.034624
9120.000000 0.0346356
9122.000000 0.0346178
9124.000000 0.0346215
9126.000000 0.0346105
9128.000000 0.0345595
9130.000000 0.0345048
9132.000000 0.0344393
9134.000000 0.0343557
9136.000000 0.0343187
9138.000000 0.0342958
9140.000000 0.0342512
9142.000000 0.0342385
9144.000000 0.0342362
9146.000000 0.0341982
9148.000000 0.034114
9150.000000 0.0340298
9152.000000 0.0339774
9154.000000 0.0339247
9156.000000 0.033879
9158.000000 0.0338227
9160.000000 0.0337872
9162.000000 0.033755
9164.000000 0.0337121
9166.000000 0.0337004
9168.000000 0.0337022
9170.000000 0.0336829
9172.000000 0.0336496
9174.000000 0.0335954
9176.000000 0.0334895
9178.000000 0.0334077
9180.000000 0.0333293
9182.000000 0.0332782
9184.000000 0.0332475
9186.000000 0.0332131
9188.000000 0.0331513
9190.000000 0.0331064
9192.000000 0.0330478
9194.000000 0.032979
9196.000000 0.0328966
9198.000000 0.032831
9200.000000 0.0327922
9202.000000 0.0327398
9204.000000 0.0327107
9206.000000 0.0326646
9208.000000 0.0325984
9210.000000 0.0325222
9212.000000 0.0324459
9214.000000 0.0323763
9216.000000 0.0323329
9218.000000 0.0322926
9220.000000 0.0322522
9222.000000 0.0322082
9224.000000 0.0321282
9226.000000 0.0320513
9228.000000 0.0319647
9230.000000 0.0318975
9232.000000 0.0318271
9234.000000 0.0317468
9236.000000 0.0316859
9238.000000 0.0316507
9240.000000 0.0316152
9242.000000 0.0315538
9244.000000 0.0314892
9246.000000 0.0314212
9248.000000 0.0313532
9250.000000 0.0312819
9252.000000 0.0311969
9254.000000 0.0311025
9256.000000 0.0310238
9258.000000 0.0309168
9260.000000 0.0308255
9262.000000 0.0307468
9264.000000 0.0307087
9266.000000 0.0306829
9268.000000 0.0306443
9270.000000 0.0305806
9272.000000 0.0305138
9274.000000 0.0304222
9276.000000 0.0303491
9278.000000 0.0302759
9280.000000 0.0301904
9282.000000 0.0300988
9284.000000 0.0300225
9286.000000 0.0299339
9288.000000 0.0298515
9290.000000 0.0297811
9292.000000 0.0297106
9294.000000 0.029625
9296.000000 0.0295094
9298.000000 0.0294268
9300.000000 0.0293413
9302.000000 0.0292915
9304.000000 0.0292119
9306.000000 0.0291588
9308.000000 0.0291145
9310.000000 0.0290287
9312.000000 0.0289252
9314.000000 0.0288276
9316.000000 0.0287448
9318.000000 0.0286561
9320.000000 0.0285732
9322.000000 0.0285194
9324.000000 0.0284625
9326.000000 0.0283997
9328.000000 0.0283367
9330.000000 0.0282477
9332.000000 0.0281789
9334.000000 0.0280927
9336.000000 0.0280095
9338.000000 0.0279062
9340.000000 0.0278287
9342.000000 0.0277567
9344.000000 0.0276959
9346.000000 0.027635
9348.000000 0.0275852
9350.000000 0.0274848
9352.000000 0.0274124
9354.000000 0.0273204
9356.000000 0.0272257
9358.000000 0.0271255
9360.000000 0.0270474
9362.000000 0.0269583
9364.000000 0.0268692
9366.000000 0.0268267
9368.000000 0.0267757
9370.000000 0.0267354
9372.000000 0.0266867
9374.000000 0.0266162
9376.000000 0.0265401
9378.000000 0.0264666
9380.000000 0.0263368
9382.000000 0.0262258
9384.000000 0.0261471
9386.000000 0.0260683
9388.000000 0.026008
9390.000000 0.0259556
9392.000000 0.0258949
9394.000000 0.0258105
9396.000000 0.0257366
9398.000000 0.0256756
9400.000000 0.0256014
9402.000000 0.0255116
9404.000000 0.0254451
9406.000000 0.0253656
9408.000000 0.0252705
9410.000000 0.0251986
9412.000000 0.0251164
9414.000000 0.0250495
9416.000000 0.0249671
9418.000000 0.0248975
9420.000000 0.0248403
9422.000000 0.0247678
9424.000000 0.0246928
9426.000000 0.0246301
9428.000000 0.0245499
9430.000000 0.0244621
9432.000000 0.0243668
9434.000000 0.0242964
9436.000000 0.0242184
9438.000000 0.0241576
9440.000000 0.0240893
9442.000000 0.0240037
9444.000000 0.0239181
9446.000000 0.0238398
9448.000000 0.0237445
9450.000000 0.0236613
9452.000000 0.0235709
9454.000000 0.0234709
9456.000000 0.0233972
9458.000000 0.0233139
9460.000000 0.0232045
9462.000000 0.0231354
9464.000000 0.0230379
9466.000000 0.0229359
9468.000000 0.0228339
9470.000000 0.0227436
9472.000000 0.0226464
9474.000000 0.0225655
9476.000000 0.0224845
9478.000000 0.0223897
9480.000000 0.0222972
9482.000000 0.022191
9484.000000 0.0220896
9486.000000 0.0219746
9488.000000 0.0218644
9490.000000 0.0217543
9492.000000 0.0216601
9494.000000 0.0215436
9496.000000 0.0214451
9498.000000 0.0213267
9500.000000 0.021202
9502.000000 0.0210944
9504.000000 0.0209849
9506.000000 0.0208713
9508.000000 0.0207363
9510.000000 0.0206191
9512.000000 0.0205045
9514.000000 0.020388
9516.000000 0.0202806
9518.000000 0.0201541
9520.000000 0.0200323
9522.000000 0.0199002
9524.000000 0.019775
9526.000000 0.0196459
9528.000000 0.0195152
9530.000000 0.0193786
9532.000000 0.0192152
9534.000000 0.0190692
9536.000000 0.0189133
9538.000000 0.0187684
9540.000000 0.01862
9542.000000 0.0184804
9544.000000 0.0183063
9546.000000 0.0181287
9548.000000 0.0179499
9550.000000 0.0177636
9552.000000 0.0175864
9554.000000 0.0174222
9556.000000 0.0172668
9558.000000 0.0170595
9560.000000 0.0168652
9562.000000 0.0166879
9564.000000 0.0165115
9566.000000 0.0163178
9568.000000 0.0161211
9570.000000 0.0159274
9572.000000 0.0157187
9574.000000 0.0155111
9576.000000 0.0153045
9578.000000 0.0151087
9580.000000 0.0149041
9582.000000 0.0146947
9584.000000 0.0144961
9586.000000 0.014281
9588.000000 0.0140652
9590.000000 0.0138427
9592.000000 0.0136272
9594.000000 0.0134033
9596.000000 0.0131691
9598.000000 0.0129514
9600.000000 0.0127425
9602.000000 0.0125384
9604.000000 0.0123241
9606.000000 0.0121185
9608.000000 0.0119122
9610.000000 0.0116828
9612.000000 0.0114491
9614.000000 0.0112222
9616.000000 0.0110059
9618.000000 0.010789
9620.000000 0.0105806
9622.000000 0.0103697
9624.000000 0.010151
9626.000000 0.00994623
9628.000000 0.00973722
9630.000000 0.00951862
9632.000000 0.00929594
9634.000000 0.00908709
9636.000000 0.00888126
9638.000000 0.00866778
9640.000000 0.00847504
9642.000000 0.0082905
9644.000000 0.00811056
9646.000000 0.00793695
9648.000000 0.00775391
9650.000000 0.00757546
9652.000000 0.00738424
9654.000000 0.00720282
9656.000000 0.00703628
9658.000000 0.00687075
9660.000000 0.00670624
9662.000000 0.00653935
9664.000000 0.00638197
9666.000000 0.00623064
9668.000000 0.0060752
9670.000000 0.00592745
9672.000000 0.00577561
9674.000000 0.00562806
9676.000000 0.00547979
9678.000000 0.00534404
9680.000000 0.00520585
9682.000000 0.00507348
9684.000000 0.00494358
9686.000000 0.00482267
9688.000000 0.00468955
9690.000000 0.00456216
9692.000000 0.00444203
9694.000000 0.00433071
9696.000000 0.00421692
9698.000000 0.00411502
9700.000000 0.00400902
9702.000000 0.00389898
9704.000000 0.00378968
9706.000000 0.00369365
9708.000000 0.00359513
9710.000000 0.00349883
9712.000000 0.00341402
9714.000000 0.00332668
9716.000000 0.00323993
9718.000000 0.00315989
9720.000000 0.00307276
9722.000000 0.00299382
9724.000000 0.00291845
9726.000000 0.00284207
9728.000000 0.00276322
9730.000000 0.00268342
9732.000000 0.00261162
9734.000000 0.00254329
9736.000000 0.00247543
9738.000000 0.0024051
9740.000000 0.00234845
9742.000000 0.00228781
9744.000000 0.00222469
9746.000000 0.00216057
9748.000000 0.00209979
9750.000000 0.00204518
9752.000000 0.00199076
9754.000000 0.00193815
9756.000000 0.00189018
9758.000000 0.00184114
9760.000000 0.00179668
9762.000000 0.00174555
9764.000000 0.00169619
9766.000000 0.00164998
9768.000000 0.00160687
9770.000000 0.00156546
9772.000000 0.00152572
9774.000000 0.00148901
9776.000000 0.00144985
9778.000000 0.00140829
9780.000000 0.00136974
9782.000000 0.00133429
9784.000000 0.00129617
9786.000000 0.00126273
9788.000000 0.00122876
9790.000000 0.00119307
9792.000000 0.00116002
9794.000000 0.00113556
9796.000000 0.00110155
9798.000000 0.00107247
9800.000000 0.00104373
9802.000000 0.00101676
9804.000000 0.000993434
9806.000000 0.000966106
9808.000000 0.000936602
9810.000000 0.000914611
9812.000000 0.000888048
9814.000000 0.00086257
9816.000000 0.000839525
9818.000000 0.000821586
9820.000000 0.000800356
9822.000000 0.000779785
9824.000000 0.000759257
9826.000000 0.000741792
9828.000000 0.000722544
9830.000000 0.000699629
9832.000000 0.000680357
9834.000000 0.000666923
9836.000000 0.00064806
9838.000000 0.000631112
9840.000000 0.000616052
9842.000000 0.000602043
9844.000000 0.000587916
9846.000000 0.000566329
9848.000000 0.000553385
9850.000000 0.000542024
9852.000000 0.000529509
9854.000000 0.000516648
9856.000000 0.000501881
9858.000000 0.000487799
9860.000000 0.000473508
9862.000000 0.000463636
9864.000000 0.000450887
9866.000000 0.000438795
9868.000000 0.000431901
9870.000000 0.000419022
9872.000000 0.000408403
9874.000000 0.000397983
9876.000000 0.000389987
9878.000000 0.000377944
9880.000000 0.000370941
9882.000000 0.000361282
9884.000000 0.000351813
9886.000000 0.000343255
9888.000000 0.000335181
9890.000000 0.000325649
9892.000000 0.000319552
9894.000000 0.000312798
9896.000000 0.000304799
9898.000000 0.000297272
9900.000000 0.00029203
9910.000000 0.000266456
9920.000000 0.000241934
9930.000000 0.000218458
9940.000000 0.000194803
9950.000000 0.000171918
9960.000000 0.000153361
9970.000000 0.000136022
9980.000000 0.000121547
9990.000000 0.000107499
10000.000000 9.63945e-05
10010.000000 8.68764e-05
10020.000000 7.91364e-05
10030.000000 7.13464e-05
10040.000000 6.52115e-05
10050.000000 5.9081e-05
10060.000000 5.40244e-05
10070.000000 4.88804e-05
10080.000000 4.47252e-05
10090.000000 4.07005e-05
10100.000000 3.73256e-05
10110.000000 3.40218e-05
10120.000000 3.11997e-05
10130.000000 2.84742e-05
10140.000000 2.61404e-05
10150.000000 2.38132e-05
10160.000000 2.19481e-05
